image_id: 2
log_file: "/home/guoshuai/github/poseidon/Trident/resnet50/result/resnet50_plain_image2_20260709_202017.txt"
plain_relu_reference: relu
stem_pool_mode: maxpool
  plain input: shape(h=224,w=224,c=3)
  plain preview: -0.083633 -0.0862017 -0.0887704 -0.0913392 -0.0896267 -0.0639395 -0.0391087 -0.02969 -0.0228401 -0.0168465 -0.0117091 -0.00999658 -0.00571539 -0.00057796 0.000278277 0.000278277 -0.00057796 -0.00914034 -0.0245526 -0.0399649 -0.051096 -0.0588021 -0.065652 -0.0682207 -0.0699332 -0.0665083 -0.0630833 -0.0605146 -0.0588021 -0.0613708 -0.0647958 -0.0639395

========== Stem ==========
stem pool mode: maxpool
  plain stem output: shape(h=56,w=56,c=64)
  plain preview: 0.150442 0.178717 0.210186 0.170366 0.16521 0.176395 0.176395 0.178456 0.170629 0.170629 0.190076 0.185496 0.177519 0.169316 0.168815 0.176862 0.171443 0.188917 0.188917 0.185759 0.177844 0.177844 0.167454 0.176979 0.179874 0.192986 0.164236 0.173684 0.173126 0.173126 0.185299 0.185299

========== layer1 block 0 ==========
  plain block output: shape(h=56,w=56,c=256)
  plain preview: 0 0 0 0 0 0 0 0 0 0 0.0347171 0 0 0 0 0 0 0 0 0.0169038 0 0.0373895 0.0237753 0 0.00428963 0.00918115 0 0 0 0.00651031 0.066411 0.0321547

========== layer1 block 1 ==========
  plain block output: shape(h=56,w=56,c=256)
  plain preview: 0 0 0 0 0 0.00601864 0.00672776 0 0 0 0.0177901 0 0 0 0 0 0 0 0 0.000716006 0 0.0176127 0.015316 0 0 0 0 0 0 0 0.0550518 0.0207456

========== layer1 block 2 ==========
  plain block output: shape(h=56,w=56,c=256)
  plain preview: 0 0 0 0 0 0.00234441 0.00852056 0 0 0 0.0226928 0 0 0 0 0 0 0 0 0.000234181 0.00598069 0.0141242 0.00343836 0 0 0 0 0 0 0 0.0578123 0.020154

========== layer2 block 0 ==========
  plain block output: shape(h=28,w=28,c=512)
  plain preview: 0.232872 0.258523 0.251984 0.250714 0.183218 0.219001 0.218832 0.221136 0.162459 0.206121 0.206364 0.240084 0.182887 0.192094 0.251135 0.249437 0.224749 0.222675 0.184682 0.211513 0.186342 0.162853 0.149058 0.205198 0.193666 0.147003 0.163746 0.193182 0.236026 0.195204 0.171445 0.201949

========== layer2 block 1 ==========
  plain block output: shape(h=28,w=28,c=512)
  plain preview: 0.185988 0.221421 0.247949 0.216454 0.122429 0.164733 0.176664 0.186795 0.122984 0.176224 0.147633 0.213878 0.119772 0.145619 0.215611 0.178529 0.169183 0.182318 0.128047 0.161744 0.137576 0.126644 0.0922738 0.170552 0.147573 0.103236 0.139262 0.199256 0.189295 0.0956977 0.0802526 0.120639

========== layer2 block 2 ==========
  plain block output: shape(h=28,w=28,c=512)
  plain preview: 0.1443 0.186469 0.224075 0.176251 0.0844077 0.138239 0.147258 0.16196 0.0971671 0.139796 0.106927 0.188769 0.0913888 0.113074 0.178766 0.142232 0.163036 0.157973 0.0983054 0.130264 0.0993972 0.103241 0.0534256 0.122292 0.113557 0.0759009 0.119986 0.181785 0.154799 0.0703202 0.0549229 0.0845656

========== layer2 block 3 ==========
  plain block output: shape(h=28,w=28,c=512)
  plain preview: 0.0817232 0.137008 0.204488 0.150872 0.0280758 0.0815888 0.0763917 0.0492103 0 0.05637 0.0486073 0.131767 0 0.0507608 0.154407 0.0930141 0.107437 0.120594 0.102722 0.0816576 0.0428994 0.0458237 0 0.0875439 0.0743382 0.026892 0.0780513 0.104935 0.10914 0.0110434 0.0411054 0.0768495

========== layer3 block 0 ==========
  plain block output: shape(h=14,w=14,c=1024)
  plain preview: 0 0.0270978 0.000602079 0.0199334 0.0176012 0 0 0 0 0 0 0.0390277 0 0 0 0 0 0 0 0 0 0 0 0 0 0 0.0224025 0 0 0 0 0

========== layer3 block 1 ==========
  plain block output: shape(h=14,w=14,c=1024)
  plain preview: 0.00122685 0 0 0 0 0 0 0 0 0 0 0 0 0 0 0 0 0 0 0 0 0 0 0 0 0 0 0 0 0 0 0

========== layer3 block 2 ==========
  plain block output: shape(h=14,w=14,c=1024)
  plain preview: 0.00981114 0.00692798 0 0 0 0 0 0 0 0 0 3.82873e-05 0.00238735 0.00544701 0.00900141 0.00509267 0 0.00528601 0.00159159 0 0 0 0.00179844 0.0055222 0 0 0 0.000168469 0.00689559 0.00425671 0.00434167 0.0093495

========== layer3 block 3 ==========
  plain block output: shape(h=14,w=14,c=1024)
  plain preview: 0 0 0 0 0 0 0 0 0 0 0 0 0 0 0 0 0 0 0 0 0 0 0 0 0 0 0 0 0 0 0 0

========== layer3 block 4 ==========
  plain block output: shape(h=14,w=14,c=1024)
  plain preview: 0 0.00182683 0.00142716 0 0 0 0 0 0 0 0 0.00106278 0 0.00483184 0.00518305 0.0023184 0 0 0 0 0 0.00238878 0 0 0 0 0 0.000397282 0.00730272 0.00360013 0.000745277 0

========== layer3 block 5 ==========
  plain block output: shape(h=14,w=14,c=1024)
  plain preview: 0 0 0 0 0 0 0 0 0 0 0 0 0 0 0 0 0 0 0 0 0 0 0 0 0 0 0 0 0 0 0 0

========== layer4 block 0 ==========
  plain block output: shape(h=7,w=7,c=2048)
  plain preview: 0 0 0 0 0 0 0 0 0 0 0 0 0 0.00334889 0 0 0 0 0 0 0 0.0198302 0 0 0 0 0 0 0 0 0 0

========== layer4 block 1 ==========
  plain block output: shape(h=7,w=7,c=2048)
  plain preview: 0 0 0 0 0 0 0 0 0 0 0 0 0 0 0 0 0 0 0 0 0 0 0 0 0 0 0 0 0 0 0 0

========== layer4 block 2 ==========
  plain block output: shape(h=7,w=7,c=2048)
  plain preview: 0 0 0 0 0 0 0 0 0 0 0 0 0 0 0 0 0 0 0 0 0 0 0 0 0 0 0 0 0 0 0 0
  plain average pool output: shape(h=1,w=1,c=2048)
  plain preview: 0 0 0 0 0 0 0 0 0.009627 0.101316 0 0 1.01587 0 0.00149669 0 0 0 0 0 0 0 0 0 0 0 0 0 0 0 0 0
plain logits: -0.193933 0.0795254 0.0790663 -0.112707 -0.0476438 -0.114456 -0.123219 0.001546 0.199609 -0.240766 -0.0824815 -0.097312 0.0854539 0.0600099 -0.167636 -0.333276 0.0096336 0.0177934 -0.00921422 -0.139947 -0.068491 0.243068 -0.150684 0.531892 -0.123307 0.108556 -0.350591 0.221852 -0.0304232 -0.0339262 -0.162798 0.226176 -0.132423 -0.0231346 -0.328973 0.0511011 -0.33863 -0.0442306 -0.0824028 -0.0937944 -0.24227 -0.0539432 -0.100585 -0.1646 -0.268025 -0.357478 0.0714221 -0.19507 -0.127342 -0.254617 -0.0712026 -0.0444428 -0.0348589 -0.222127 -0.283722 -0.0602457 -0.556634 -0.192385 0.112825 0.309935 0.985435 0.135743 0.0964581 -0.206893 0.0633951 -0.0370847 -0.420806 -0.0740937 -0.29434 -0.0637681 0.197157 -0.276172 0.012871 -0.0899701 0.0314132 0.0991464 0.0282282 0.0443669 0.169651 0.133038 -0.17139 -0.0596139 0.0705628 -0.0749977 0.105745 -0.304198 0.414508 -0.0812321 0.0247519 0.308348 -0.0243889 -0.340612 0.0566895 -0.18478 0.120001 -0.0106188 0.0377855 0.0392984 -0.151416 0.10942 0.124618 0.319979 -0.150656 0.282456 -0.522868 -0.350101 0.0271718 0.0684156 -0.210659 -0.0833888 0.139156 0.290911 -0.158673 0.0318899 0.058227 -0.12093 -0.212749 0.0449568 -0.183377 -0.350345 -0.104996 -0.239749 -0.0196379 0.012112 -0.0529334 0.0283114 0.0586611 0.269842 0.0314078 -0.0722228 -0.102963 -0.173426 -0.0259134 -0.113315 -0.140957 0.0806582 -0.0774338 0.0712692 0.266536 0.0749432 -0.0356277 -0.0284672 0.0651536 -0.143264 -0.0221191 0.198389 -0.0297863 0.119445 -0.0848592 -0.0657222 0.130284 0.248366 0.550998 0.00776753 -0.42798 -0.45996 0.361256 1.57079 -0.332089 0.126746 0.0696857 0.517219 -0.170717 -0.193592 0.00782187 -0.00835294 0.14213 -0.301499 -0.212043 1.01628 -0.0783731 0.249112 -0.291983 -0.30005 0.0733097 0.538885 -0.571383 -0.589226 0.141665 0.325364 -0.0520824 -0.220948 -0.409512 -0.113643 -0.254809 -0.713743 0.570941 0.280048 0.386594 -0.0538385 -0.122693 0.93166 0.695723 -0.319159 -0.983812 -0.505587 -0.0129522 -0.229263 -0.278027 0.210038 0.0554684 0.405968 0.245463 -0.429538 -0.366378 -0.49366 -0.603715 -0.372974 0.0139433 0.282432 -0.308239 0.0628941 -0.570049 -0.470805 0.0053424 -0.32758 -0.0135494 0.00829803 -0.211268 0.0347114 0.0835549 -0.395329 -0.129381 0.00675523 0.244269 0.0207658 1.19668 0.129426 -0.440034 -0.151624 6.52967 5.45265 0.863948 -0.736255 -0.132001 -0.0954991 0.6254 -0.0725158 0.0215231 -0.0753535 -0.0077131 -0.644176 -0.148919 -0.2046 -0.69804 -0.329682 -0.129157 -0.267129 0.52631 -0.0242346 -0.468438 0.0505208 -0.409799 0.413195 -0.0936589 -0.172295 -0.136943 0.451388 -0.11044 0.873424 -0.479304 0.529687 -0.791071 -0.0841579 -1.22564 -0.753851 -0.340972 -0.182596 -0.296046 -0.436627 -0.307636 0.128767 -0.114152 -0.175197 -0.345495 -0.309897 -0.136999 0.490961 -0.319477 0.270732 -0.449045 0.26419 0.00639831 0.229855 0.072125 0.0715269 -0.20701 0.00968399 0.0218545 -0.42004 0.0513579 0.245313 -0.497284 0.153433 -0.113645 -0.48185 -0.322159 0.0154508 -0.108363 -0.32137 -0.138195 -0.0790737 -0.112119 0.0525215 -0.149403 -0.214637 0.0828861 0.243636 0.02692 -0.256663 0.0487569 0.060417 0.163743 0.0357228 0.0516636 -0.0126111 0.0104181 -0.108805 -0.0571672 0.0966239 -0.0518015 -0.0850282 -0.189889 0.0335849 0.132643 -0.0305021 0.0526279 -0.179069 -0.162356 -0.217339 -0.016946 -0.121617 -0.152044 0.527873 -0.26848 0.316228 -0.00928529 -0.0805512 0.333539 0.045285 -0.0358014 -0.097429 0.0459548 0.0511364 -0.290684 -0.499613 0.0303339 -0.365343 -0.225338 -0.22842 0.0601949 0.168278 -0.00600116 -0.252833 -0.0182128 0.10765 0.487102 -0.424405 0.0605667 0.564758 -0.0535787 -0.209098 0.150166 -0.161681 0.103864 0.0558065 -0.0883201 0.313736 -0.119243 -0.413219 -0.209361 -0.761121 0.0560275 0.379548 0.237373 -0.126301 0.0844107 -0.0593559 0.0300577 -0.0343199 -0.0677038 -0.0527311 0.128063 -0.184028 -0.675482 -0.221281 -0.146057 -0.408498 -0.135938 0.236032 -0.0485719 -0.185815 -0.14567 -0.0033686 -0.12885 -0.249825 -0.133699 -0.09707 -0.299593 0.17734 -0.402237 -0.239402 -0.266517 -0.0707392 0.145733 0.187197 -0.122407 -0.177235 -0.0384633 -0.0179546 -0.360004 -0.445458 0.233027 0.202502 0.28424 -0.327465 0.259191 0.292935 0.10979 0.257008 0.348747 0.00297443 -0.127751 0.0746892 0.00952755 -0.221387 0.0745373 0.282378 0.479168 -0.217794 0.165665 0.200858 0.154394 0.113777 0.185774 -0.104519 -0.404766 0.0531078 -0.0284301 -0.178653 0.20557 0.156045 -0.138368 -0.183688 0.0636106 -0.091639 0.154382 -0.0438243 0.161558 -0.312692 0.274209 0.249792 0.600691 0.0568868 0.280832 0.403539 0.372039 0.143824 0.132041 0.0998662 0.0787307 -0.168411 0.272845 0.669552 0.0765319 -0.0812523 -0.0978291 -0.375399 -0.192882 0.0861309 0.276902 -0.20566 -0.279133 0.232575 0.325728 0.0580789 -0.267312 -0.165435 0.118414 -0.036941 0.200923 0.251537 0.135564 0.0743658 -0.078504 -0.065977 0.0608948 -0.114039 0.158657 -0.530455 0.111697 -0.0125749 0.233428 0.121703 0.254871 -0.144142 0.614592 0.306537 -0.141707 0.139325 -0.142278 -0.179344 0.0710729 -0.123821 0.491888 0.0513122 -0.333999 -0.231453 -0.0163706 -0.487765 0.308333 -0.0403067 0.154755 -0.0126613 0.00133075 0.271614 -0.0671995 -0.178967 0.0945404 -0.294784 0.129772 0.0257197 -0.072366 0.343303 0.464606 -0.100777 -0.187455 -0.17306 -0.129452 0.406776 0.100152 -0.22195 -0.162724 0.0787948 0.0187748 -0.0715988 -0.351765 0.157968 -0.0861985 0.295463 0.000219884 -0.0767705 0.114232 0.346039 0.195772 -0.0138228 0.192126 -0.333119 -0.0755405 0.275943 0.182224 -0.00795208 0.331695 0.0971282 0.151257 -0.485926 0.444445 -0.115888 0.431115 -0.146285 0.11885 -0.070412 -0.168222 0.470917 -0.039027 -0.239508 -0.0897492 -0.214363 0.208753 -0.135187 0.129553 0.0200956 -0.0581271 -0.197146 -0.0403289 0.0931037 0.285468 0.233648 -0.0854331 -0.220323 -0.298167 -0.224173 -0.0354676 -0.245029 -0.123019 0.0546024 -0.134809 0.131709 0.114678 -0.0200396 0.0393087 -0.0950683 0.0599919 0.0982348 -0.0815222 -0.197938 -0.0352645 0.427762 0.108426 -0.103373 0.539026 0.198133 0.126026 -0.15818 0.224977 0.147241 -0.249026 0.416655 -0.329901 -0.1988 0.051923 0.0720808 -0.42109 0.176405 -0.569467 -0.316248 -0.110385 0.195026 -0.620996 0.258668 -0.199267 -0.103752 -0.110081 -0.0615122 -0.420811 -0.125589 0.246296 -0.551499 0.00164179 0.0143924 -0.0493689 0.266601 0.232261 -0.0205343 0.174661 -0.226 -0.345693 0.0833248 -0.0492594 0.000225471 -0.0313885 -0.251397 0.179355 -0.00426572 0.401278 -0.0461374 0.113384 0.545841 0.3983 -0.0536063 -0.06998 -0.00537193 -0.172726 0.293272 -0.433355 0.148508 -0.533011 -0.0162887 -0.0763018 -0.0108835 -0.306216 -0.0762711 0.067527 -0.438689 -0.0161997 0.0295914 -0.0486994 0.692123 0.0102005 0.243904 -0.0543615 0.234001 -0.103826 -0.0104746 0.0387544 -0.441926 0.314384 0.255709 0.360122 0.103124 0.0788355 0.0398915 -0.182444 -0.245556 0.299393 -0.0315277 0.260868 -0.109175 -0.137117 0.494272 -0.0167296 -0.0683281 0.177188 -0.0344643 0.00715337 0.089782 0.24551 -0.156235 -0.26639 0.236508 -0.0928322 -0.0605221 -0.20605 -0.0959571 -0.0274833 -0.161826 -0.232856 0.332101 0.304451 0.124455 0.246413 -0.311144 -0.154033 -0.0940584 -0.171475 0.0940021 -0.274195 -0.0390873 0.0385052 -0.118558 -0.0613578 -0.259072 -0.062782 0.106713 -0.0151869 0.432767 0.231382 -0.0448624 0.348693 -0.050738 -0.379871 0.0741422 0.0653329 -0.0947303 0.41608 -0.200338 0.247705 -0.0346705 -0.108862 0.164285 0.351229 -0.351052 0.3743 0.0468259 -0.263524 -0.10125 0.195817 0.480338 -0.0668086 0.235088 -0.156602 -0.0703754 -0.0693176 0.101945 -0.305782 -0.0759906 0.244662 -0.352479 -0.2169 -0.102683 -0.186309 0.163554 0.0879168 -0.23887 0.113672 0.139347 0.0175937 0.326935 0.119431 0.0502021 0.21584 -0.173235 0.397432 0.169016 -0.436358 -0.195467 0.144571 -0.0444075 -0.183511 -0.234045 0.0180182 -0.252254 0.00530593 -0.016856 0.0596703 -0.0268598 0.0185868 -0.144565 -0.380707 -0.0973149 -0.197657 0.0112874 0.391338 0.799451 0.0346759 0.266563 0.198106 0.375767 -0.142019 0.212965 -0.223643 -0.0626704 0.0953337 -0.309719 0.148326 0.15759 -0.508867 -0.318532 0.0973413 -0.0371947 -0.19483 0.511211 0.0525274 0.193877 -0.173493 0.289462 -0.130954 -0.337079 0.146437 -0.636103 0.0621177 -0.153785 0.19288 0.148526 -0.0983854 -0.361328 -0.200588 -0.0483234 0.250522 -0.181176 0.237655 0.0340157 -0.08446 -0.120002 0.167381 -0.0532458 -0.0170446 -0.170044 -0.334888 0.00996339 0.295807 0.105863 -0.343472 -0.512521 0.0164597 0.133584 0.417029 0.0244157 0.0143811 0.189355 0.000393594 0.0848485 0.566171 0.127172 -0.00867347 -0.128859 -0.296981 -0.130102 0.457794 -0.0195123 -0.309502 0.0195986 -0.0321285 -0.0617502 0.0465388 -0.210802 -0.319371 -0.450399 -0.143344 0.352928 0.0484752 0.204585 -0.00122679 -0.226807 -0.243868 -0.136188 0.370917 -0.196453 -0.0746968 -0.127854 -0.0677391 -0.0928625 0.115177 0.104848 0.220881 -0.0900459 0.116349 0.114233 0.201325 -0.137534 -0.174328 -0.251647 0.361162 -0.022732 0.337822 0.0167584 0.287782 -0.0687355 0.315438 0.133256 0.035447 0.577958 -0.11913 -0.0111278 0.211692 0.12789 0.239153 0.21127 0.102225 0.0388483 0.60167 0.369762 0.4696 0.0925185 -0.129739 -0.09354 0.219686 -0.203366 -0.0373299 0.132664 -0.215449 -0.345922 -0.177166 0.232716 -0.062885 0.374674 -0.0183655 -0.0201946 0.081349 0.149981 0.107267 0.0658694 0.0869125 -0.00279331 -0.278854 -0.017541 -0.261744 0.142802 -0.025037 -0.0552357 0.28372 -0.0225629 -0.0326824 -0.0659691 -0.155271 -0.181497 0.00271459 -0.222001 0.00914634 0.00928574 -0.0991151 0.265207 0.0707968 -0.173195 0.180892 -0.121837 -0.033285 0.107225 -0.243794 0.0781647 0.0537359 0.44861 -0.198727 0.228786 -0.00902544 -0.10665 0.12258 0.224389 -0.236436 0.115906 -0.059426 -0.204115 -0.306998 -0.245724 0.303115 -0.28943 -0.101609 -0.189807 -0.0118302 -0.169226 -0.0888642 0.159356 -0.0606279 -0.173643 -0.168576 -0.146373 -0.0188073 0.00991488 -0.127097 -0.0165313 0.240624 -0.00606747 -0.0638364 -0.153532 0.175254 0.0563471 -0.260103 0.0455874 -0.178476 0.685377
image label: 230
plain predicted label: 230
image time : 39585 ms
