image_id: 9
log_file: "/home/guoshuai/github/poseidon/Trident/resnet50/result/resnet50_plain_image9_20260709_202017.txt"
plain_relu_reference: relu
stem_pool_mode: maxpool
  plain input: shape(h=224,w=224,c=3)
  plain preview: 0.0370965 0.0336715 0.0319591 0.0293904 0.0259654 0.0302466 0.0268216 0.0268216 0.0276779 0.0293904 0.0328153 0.0311028 0.0345278 0.0328153 0.0328153 0.0319591 0.0328153 0.0345278 0.0379527 0.0370965 0.0362403 0.035384 0.035384 0.0345278 0.0362403 0.0396652 0.0370965 0.0319591 0.0319591 0.0345278 0.035384 0.0370965

========== Stem ==========
stem pool mode: maxpool
  plain stem output: shape(h=56,w=56,c=64)
  plain preview: 0.183704 0.162544 0.167114 0.167114 0.154442 0.16809 0.180716 0.169808 0.160774 0.158714 0.172893 0.172893 0.167485 0.170259 0.169585 0.165507 0.163008 0.175852 0.164507 0.180946 0.183785 0.183785 0.19096 0.16854 0.159078 0.158941 0.170687 0.159786 0.165202 0.167338 0.167338 0.167744

========== layer1 block 0 ==========
  plain block output: shape(h=56,w=56,c=256)
  plain preview: 0.0929682 0.0647537 0.0462229 0.0452837 0.0558179 0.0484259 0.0300151 0.0276328 0.0469956 0.0458416 0.0569831 0.0633811 0.0374259 0.0448056 0.0447767 0.0264847 0.0304809 0.0380865 0.0304324 0.0377519 0.0502837 0.0564072 0.0483627 0.0485121 0.0474914 0.0567853 0.0432108 0.0416404 0.0512006 0.0433011 0.0342811 0.0425616

========== layer1 block 1 ==========
  plain block output: shape(h=56,w=56,c=256)
  plain preview: 0.0551672 0.0492122 0.0335655 0.0332153 0.0373907 0.0348583 0.00924521 0.00524652 0.0222213 0.0274924 0.0367962 0.0500197 0.0226059 0.0261394 0.0272415 0.0106783 0.0108996 0.0171122 0.0103144 0.0140555 0.0270975 0.0358702 0.0315103 0.0310094 0.0257077 0.0338501 0.0286484 0.0275515 0.0304641 0.025578 0.0117762 0.0185623

========== layer1 block 2 ==========
  plain block output: shape(h=56,w=56,c=256)
  plain preview: 0.053401 0.0479921 0.0119866 0.033032 0.0279649 0.0300929 0.0061979 0 0.00335842 0.0233967 0.0381919 0.0456933 0.0080225 0.0222105 0.0164204 0.00249076 0 0.00187037 0 0 0.0245797 0.0228966 0.0312387 0.0392371 0.0324401 0.0131418 0.0259658 0.0422348 0.025652 0.00825675 0 0.011826

========== layer2 block 0 ==========
  plain block output: shape(h=28,w=28,c=512)
  plain preview: 0.144318 0.16448 0.224564 0.130498 0.122108 0.145644 0.0738457 0.10198 0.0805784 0.123496 0.134224 0.123313 0.133213 0.235441 0.224419 0.0855985 0.143308 0.195301 0.179015 0.12141 0.0982994 0.138459 0.110172 0.131388 0.138556 0.153866 0.162881 0.212269 0.173787 0.158859 0.162863 0.166507

========== layer2 block 1 ==========
  plain block output: shape(h=28,w=28,c=512)
  plain preview: 0.0409974 0.101304 0.193043 0.0791858 0.0592107 0.12059 0.0179972 0.0446888 0.0189131 0.0951906 0.0872863 0.0555261 0.0914971 0.216361 0.212569 0.0127445 0.0980213 0.144097 0.154979 0.0737283 0.0178305 0.0920512 0.0314249 0.0765203 0.0624345 0.0732967 0.096004 0.197169 0.126941 0.0998539 0.121463 0.123513

========== layer2 block 2 ==========
  plain block output: shape(h=28,w=28,c=512)
  plain preview: 0 0.0523332 0.1361 0.0434943 0.0233368 0.0772794 0 0.00774387 0 0.0556033 0.0485843 0.0325242 0.0559588 0.168614 0.166014 0 0.0430214 0.0987538 0.111037 0.0236569 0 0.0450423 0 0.034426 0.0272647 0.0240391 0.0617124 0.167118 0.0646765 0.0461823 0.0777307 0.0833741

========== layer2 block 3 ==========
  plain block output: shape(h=28,w=28,c=512)
  plain preview: 0 0.0111533 0.120135 0 0 0.0426037 0 0 0 0 0.00316422 0 0 0.107714 0.119197 0 0 0.0386413 0.0676988 0 0 0 0 0 0 0 0 0.109953 0.021582 0.0148185 0.0415068 0.02589

========== layer3 block 0 ==========
  plain block output: shape(h=14,w=14,c=1024)
  plain preview: 0 0.0566831 0.0263975 0.0575681 0.0112335 0 0 0 0 0.0466511 0 0 0 0 0 0.062331 0.0228723 0.0816995 0.0650497 0 0 0 0 0.00500727 0 0 0 0.0633645 0 0 0.065058 0.0555677

========== layer3 block 1 ==========
  plain block output: shape(h=14,w=14,c=1024)
  plain preview: 0 0 0 0.0249449 0 0 0 0 0 0 0 0 0 0 0 0.0189849 0 0.0288419 0.00161545 0 0 0 0 0 0 0 0 0.00553814 0 0 0.0301625 0.00478602

========== layer3 block 2 ==========
  plain block output: shape(h=14,w=14,c=1024)
  plain preview: 0 0 0 0.0243873 0 0 0 0 0 0 0 0.00229672 0.00373099 0 0 0.0146607 0 0.0230884 0 0 0 0 0 0 0 0 0 0.00936959 0 0 0.0269905 0

========== layer3 block 3 ==========
  plain block output: shape(h=14,w=14,c=1024)
  plain preview: 0 0 0 0.0141005 0 0 0 0 0 0 0 0 0 0 0 0 0 0.00129708 0 0 0 0 0 0 0 0 0 0.00054538 0.00209379 0 0 0

========== layer3 block 4 ==========
  plain block output: shape(h=14,w=14,c=1024)
  plain preview: 0.00174038 0.00396709 0.00365538 0.0159905 0.00361293 0.00211899 0.000440215 0.00578414 0.00489058 0.00270472 0.00201107 0.0021218 0 0 0.000974849 0.002718 0.00428398 0.00259521 0.000747481 0.00324843 0.000292705 0.00204405 0.00434306 0.00324797 0.00227918 0.00096843 0 0 0.00144953 0.00108682 0.00449627 0.0010051

========== layer3 block 5 ==========
  plain block output: shape(h=14,w=14,c=1024)
  plain preview: 0 0 0 0.00151513 0 0 0 0 0 0 0 0 0 0 0 0.00358427 0.00300134 0.00298206 0 0 0 0 0 0 0.00116856 0 0.00142122 0 0 0.00267964 0.000982971 0

========== layer4 block 0 ==========
  plain block output: shape(h=7,w=7,c=2048)
  plain preview: 0 0 0 0 0 0 0 0 0 0 0 0 0 0 0 0 0 0 0 0 0 0 0 0 0 0 0 0 0 0 0 0

========== layer4 block 1 ==========
  plain block output: shape(h=7,w=7,c=2048)
  plain preview: 0 0 0 0 0 0 0 0 0 0 0 0 0 0 0 0 0 0 0 0 0 0 0 0 0 0 0 0 0 0 0 0

========== layer4 block 2 ==========
  plain block output: shape(h=7,w=7,c=2048)
  plain preview: 0 0 0 0 0 0 0 0 0 0 0 0 0 0 0 0 0 0 0 0 0 0 0 0 0 0 0 0 0 0 0 0
  plain average pool output: shape(h=1,w=1,c=2048)
  plain preview: 0 0 0 0.0363086 0.112996 0 0 0 0 0.0140945 0 0 0.130769 0.156979 0.169941 0 0.0716054 0.0192799 0 0.028433 0.142515 0.0373767 0 0 0 0 0.0195087 0 0.121421 0.0370719 0 0.000237889
plain logits: -0.362157 0.29909 -0.0532873 -0.0927459 -0.0276892 -0.0619795 0.0465286 -0.1355 -0.229123 -0.0311666 -0.00609166 -0.124127 0.000687856 0.239948 0.0347993 -0.203281 -0.310305 -0.419617 0.164268 -0.416111 0.0327918 0.62488 0.879812 -0.065058 -0.172489 -0.142608 -0.0222642 -0.000226955 -0.280469 0.236212 -0.0494234 0.334344 -0.0933941 -0.0640151 0.0524566 0.0549766 -0.343504 -0.28285 -0.344854 -0.19218 -0.0550701 -0.157992 0.0931146 0.147623 -0.33583 -0.172001 0.270082 -0.20094 -0.262144 -0.275086 -0.175611 -0.288734 0.0558452 0.15202 -0.232573 -0.214499 -0.456582 -0.0853872 0.0639334 -0.136429 -0.165302 -0.0783172 -0.0280983 -0.273622 -0.0815117 -0.100413 -0.152919 -0.222402 -0.141845 -0.343508 0.0217454 0.121073 -0.124168 -0.0309387 -0.0170276 0.118962 -0.181539 -0.0358489 1.11411 0.212554 -0.114296 0.00867754 -0.270694 -0.0967767 0.0345798 -0.161157 -0.159223 -0.286434 -0.237189 -0.0666254 -0.182308 -0.100125 -0.00501315 -0.352613 -0.0715896 0.0619959 -0.333138 -0.269793 -0.020439 -0.16917 -0.0628112 -0.263273 -0.128672 -0.0954565 -0.151985 -0.506421 -0.325319 0.289124 0.0871887 -0.429231 -0.347794 -0.0785098 0.0141475 -0.0476196 0.397447 -0.562795 0.153105 0.295413 0.335104 -0.139936 0.1307 0.0674184 -0.121796 -0.193557 0.070867 -0.0938356 0.547548 0.488358 -0.395639 -0.17318 0.189981 -0.0267469 -0.169569 -0.0856122 -0.189959 -0.0664653 -0.307372 0.0538321 -0.187022 -0.0973842 -0.102102 0.306399 -0.127522 -0.160254 -0.00096712 -0.325515 -0.0990983 -0.137268 -0.202638 0.144556 -0.399152 0.525696 1.4613 4.98933 2.44338 1.11768 1.70782 0.765817 -1.06114 -0.912724 -0.380937 -0.354409 0.18041 -0.204786 -0.69095 -0.615297 -0.714973 -0.850354 0.0211924 0.36717 -0.856074 -0.413621 -0.13514 -0.0486181 -0.907555 -0.163369 -0.537906 -0.484278 0.0240748 -0.515058 0.304316 -0.251722 0.699105 0.98419 1.5363 0.952664 0.257403 0.78051 0.0089493 -0.293695 2.4203 0.193882 -0.653962 0.942343 0.028867 -0.477925 2.12593 0.48837 -0.613895 2.0205 1.81655 1.14898 1.35361 2.53091 2.83292 -0.552072 -0.605174 -0.171263 -0.367565 -0.124019 -0.616719 0.236578 0.739491 -0.456196 -0.437904 -0.000250501 -0.155429 0.193473 -1.22393 0.792776 -1.08535 -0.166943 -0.565561 -0.197272 -0.37172 -0.276941 -0.0235591 -0.679966 -0.138304 2.66971 2.10339 -0.343022 -0.205554 -1.02264 -0.147336 -0.0825704 -0.434541 -0.124017 -0.524796 0.742796 -0.760785 -0.684723 0.109352 -0.520144 -1.26767 -0.149264 -0.293584 -0.397206 -0.752702 0.145128 -0.380011 0.06971 -0.443553 -1.17439 -0.752993 -0.655636 -0.0459864 1.06781 0.654399 2.31167 -0.209051 -0.398986 -0.666219 -0.238992 -0.556558 3.36411 0.983622 -0.242398 -0.236229 -0.184196 -0.393531 -0.405687 -0.355644 -0.221981 -0.354321 -0.449677 -0.515441 -0.459045 -0.214872 0.00612168 -0.356147 0.587547 0.480015 3.89161 -0.105761 0.642659 -0.875422 1.14855 -0.360256 -0.436922 -0.351721 -0.539661 -0.291458 -0.170351 -0.305982 -0.433766 -0.319241 -0.356982 -0.353876 -0.0339001 -0.0890974 -0.00076154 0.0273183 0.218048 -0.142638 0.000916154 -0.241057 -0.0257515 -0.172663 -0.117658 0.199287 -0.170012 0.236843 -0.0886238 0.232138 0.000564471 0.212482 0.0295028 0.243731 0.117065 -0.0113022 -0.17598 -0.376137 0.0846949 0.065311 -0.302961 -0.0789274 0.300872 -0.12092 -0.0803421 0.615862 0.0832191 5.31752 1.5319 -0.2102 -0.455898 -0.213919 -0.154405 2.00197 -0.49843 -0.131981 -0.160854 -0.0894137 -0.28699 -0.310392 0.0458486 0.025418 0.00966827 -0.589688 -0.180495 -0.295588 0.0301732 -0.264783 -0.241129 -0.392349 -0.836699 0.228625 0.0359286 -0.613996 0.710198 -0.0635902 -0.253193 -0.0125367 -0.363776 -0.821425 -0.238499 -0.741706 -0.488895 -0.399943 -0.110875 -0.674703 0.155933 -0.508369 -0.733248 -0.0797295 -0.628641 -0.657615 0.253741 -0.166244 -0.100651 0.546217 0.0183705 -0.003652 -0.286914 -0.789843 0.052766 -0.287393 -0.133177 -0.139565 -0.232633 -0.442377 -0.107807 -0.211964 -0.00879219 -0.199668 -0.175536 -0.153535 -0.127146 -0.244785 -0.11316 -0.323189 -0.21436 -0.140371 0.00272626 0.367959 0.144826 -0.225055 0.633379 0.128815 -0.169902 -0.352288 -0.454439 -0.313776 0.0484243 -0.0734889 -0.711927 -0.245377 -0.134092 0.363449 0.535416 -0.101636 -0.190925 0.077378 -0.442262 -0.35593 -0.114353 0.109668 0.000699184 0.0744182 -0.549079 0.0581855 0.413952 0.0387619 -0.0306657 1.13973 1.80326 0.0269171 0.44319 0.0495475 -0.262976 0.138748 -0.31157 0.0693273 0.445042 -0.146701 -0.0688154 0.0913782 -0.193422 0.353423 -0.173093 -0.489286 0.0557342 0.735783 -0.3012 0.158508 -0.00438105 -0.434593 0.696968 -0.144257 0.247475 0.385412 -0.291873 0.0755868 0.300119 -0.269076 -0.362554 -0.448856 -0.0877594 -0.343197 0.579163 0.203229 0.152435 -0.289032 -0.370527 -0.161938 -0.0250993 -0.175557 -0.241119 0.427352 -0.11334 -0.106001 -0.15921 0.035299 -0.0173601 0.157089 -0.115107 -0.147485 0.309348 0.0660137 0.135971 -0.155748 0.21273 -0.271601 0.00362213 0.462773 -0.212291 0.146955 -0.197438 -0.290919 0.350489 -0.304024 -0.513811 0.259951 -0.10663 0.2653 -0.660188 -0.500149 -0.417108 0.471417 -0.369369 0.17896 0.172909 -0.159324 0.269671 -0.110744 -0.114785 0.882179 0.28552 -0.309973 0.105497 0.718559 -0.372026 -0.538647 -0.0430521 0.0587501 0.0756626 0.384827 0.1144 -0.206112 0.955741 -0.248163 -0.150751 -0.217237 -0.255455 0.236289 -0.470119 -0.262446 -0.281876 0.0869477 -0.118655 -0.0113788 0.248086 0.127825 0.441908 -0.439581 0.463852 -0.434375 -0.0741077 -0.126955 0.153351 0.156216 -0.281251 1.00584 0.192932 0.222 -0.267213 -0.0340296 0.11572 0.0861811 -0.108395 -0.0968926 -0.214493 -0.331802 0.0840597 0.0579725 -0.0890178 -0.312185 -0.868577 -0.0889917 -0.213362 -0.583132 -0.258972 -0.0589791 0.0660634 -0.234012 0.0276499 -0.0890563 -0.313562 0.138786 -0.312424 -0.211568 -0.532657 -0.123823 0.116183 0.265598 0.0525726 -0.352537 -0.292967 0.710302 0.596887 -0.452857 -0.446898 -0.224484 -0.152224 0.061191 -0.0321514 -0.179827 -0.43323 -0.185734 -0.502938 -0.060346 0.387424 -0.259051 -0.172914 -0.166945 0.147734 0.3412 0.00827226 0.272832 -0.160985 0.180626 -0.205808 -0.250362 -0.264388 -0.310317 -0.336474 -0.356337 -0.235657 -0.393543 -0.19805 0.759199 -0.284087 0.359239 -0.277685 -0.445534 0.00786693 0.171542 -0.161191 -0.148079 -0.0805969 -0.166008 0.146345 -0.56299 -0.642424 -0.119296 -0.130625 -0.611604 -0.539084 0.0145076 -0.123709 0.322777 0.298266 -0.135014 0.229999 0.474056 -0.319457 -0.174553 0.396243 -0.357251 0.0697526 -0.259138 -0.0768395 -0.530189 -0.0934935 -0.443641 -0.482733 0.0722646 0.0958742 0.0751707 -0.781049 -0.0589939 0.0334702 0.170675 -0.121026 -0.141221 0.137764 -0.23515 -0.0444452 -0.0812097 0.603978 -0.0392623 0.34925 -0.00287693 0.885679 0.354901 -0.0289858 0.23436 0.0994351 -0.254682 -0.137617 1.8763 -0.0660774 -0.0704852 0.122834 0.0112941 0.014013 -0.104823 0.00486634 0.029649 -0.36324 -0.332672 -0.0660897 -0.281838 0.39247 0.017035 -0.26018 0.0989539 0.222704 -0.237314 -0.17614 0.719702 -0.049704 0.0393272 -0.2475 -0.128197 -0.281666 -0.444825 -0.332921 -0.690871 -0.73418 0.00238464 -0.304301 0.419245 0.264375 0.306937 -0.296285 -0.261694 0.280298 0.29751 0.00189577 -0.141745 0.310671 0.539419 -0.0233869 -0.182845 -0.18638 -0.0972705 -0.084951 0.719914 -0.102383 -0.384237 0.0553233 -0.332168 -0.342203 -0.0729824 -0.31227 0.0167607 -0.267999 0.0775712 -0.144728 -0.191109 0.160901 0.236216 -0.63602 0.12532 0.129346 0.262053 -0.239054 -0.322581 0.248866 0.034704 0.687207 -0.167643 0.0414005 -0.299489 -0.0795387 0.248891 -0.282814 -0.129157 -0.428615 0.334734 0.442871 0.286164 0.164183 -0.497901 -0.371827 -0.43502 -0.0870116 -0.0264987 0.184505 0.141179 0.156049 0.515227 0.0440809 -0.331607 -0.332626 -0.18461 -0.205185 0.307072 -0.184529 0.157742 0.0931435 -0.0208399 0.45426 0.331004 -0.52881 -0.0815941 -0.327429 0.0911214 -0.160732 -0.410136 -0.202757 0.0479101 0.830876 1.0003 -0.104645 0.0297161 0.386241 -0.167351 0.134252 -0.183473 -0.297008 0.0335394 -0.262154 0.21125 0.456991 0.308442 0.109054 -0.343396 0.549872 -0.108416 0.704376 0.0331264 0.671024 -0.21617 -0.10804 0.440963 -0.417405 -0.443065 -0.191398 0.230013 0.00711537 -0.163883 0.251932 -0.309882 -0.0454079 -0.125196 -0.0808007 -0.0523462 0.124438 -0.467901 -0.0507162 -0.240341 -0.256665 0.000668837 -0.0507653 -0.300484 0.601778 -0.273581 0.427534 0.50269 -0.803953 0.40632 -0.249734 0.501773 0.0358592 -0.181815 0.0670502 -0.203659 0.246193 0.403597 -0.298573 0.69621 -0.174402 -0.160873 0.203572 -0.190348 0.221802 -0.363392 -0.089205 -0.0892 0.169357 -0.299105 -0.123267 0.0165577 -0.155242 -0.131751 -0.0907411 -0.121388 -0.0986252 -0.269781 0.0362742 0.436302 -0.0903205 -0.0610195 -0.136671 1.64358 -0.377631 -0.330339 -0.144022 0.152883 -0.037884 -0.304779 0.248326 0.399249 0.110975 0.052292 -0.150567 -0.0923803 0.266047 -0.194951 -0.292344 0.123362 0.250306 -0.317885 -0.0796661 0.940262 0.651135 0.0432163 -0.14748 0.113485 -0.0240069 -0.102768 1.54882 0.0611047 -0.254271 0.0961558 -0.172854 0.380499 0.988864 0.0381479 0.543317 0.0656029 0.0338892 -0.085456 0.020244 -0.129182 -0.183037 0.328461 -0.0605836 -0.13744 -0.31 0.0472333 0.424802 -0.340994 0.935676 0.0566701 -0.272559 -0.0734613 0.655057 -0.380374 0.206616 -0.0137644 -0.125555 0.129334 -0.0629694 0.453097 0.829661 -0.0837798 -0.10847 0.588788 -0.432302 -0.019287 0.584622 -0.20806 -0.398203 -0.0954556 0.0446656 0.378814 -0.188605 -0.500938 0.235788 -0.236845 -0.178557 0.183843 0.479793 1.22251 -0.0778284 0.174988 0.429532 0.0434088 0.369515 -1.01753 0.389613 -0.184026 -0.238465 0.212313 0.0248259 -0.372214 -0.00858159 -0.0477662 0.880612 -0.260454 -0.0822373 0.693162 0.138702 0.0885427 0.104206 0.097899 -0.0111546 0.178739 -0.370387 -0.635984 0.239455 -0.182155 -0.14336 -0.256867 -0.082824 -0.0796529 -0.246614 0.0355472 -0.201527 -0.248678 -0.108813 -0.225071 -0.262798 0.112596 -0.0934137 0.296706 1.03203
image label: 332
plain predicted label: 332
image time : 43031 ms
