image_id: 5
log_file: "/home/guoshuai/github/poseidon/Trident/resnet50/result/resnet50_plain_image5_20260709_202017.txt"
plain_relu_reference: relu
stem_pool_mode: maxpool
  plain input: shape(h=224,w=224,c=3)
  plain preview: -0.0579459 -0.0699332 -0.0605146 -0.0579459 -0.051096 -0.0468148 -0.0553772 -0.0545209 -0.0442461 -0.0442461 -0.0459586 -0.0536647 -0.0314025 0.0156906 -0.00485915 -0.0425336 -0.0254089 -0.0014342 0.00455947 0.0148343 0.0114094 -0.0202714 -0.0348275 -0.0382524 -0.0493835 -0.018559 -0.00657162 0.000278277 -0.00314667 -0.015134 0.00712818 0.0114094

========== Stem ==========
stem pool mode: maxpool
  plain stem output: shape(h=56,w=56,c=64)
  plain preview: 0.186421 0.195405 0.240294 0.240294 0.247358 0.179578 0.307786 0.312313 0.325915 0.27462 0.223007 0.223355 0.223355 0.241151 0.165842 0.18495 0.321619 0.321619 0.280804 0.228728 0.504473 0.155678 0.263075 0.348125 0.394346 0.394346 0.16022 0.34808 0.34808 0.3928 0.3928 0.388504

========== layer1 block 0 ==========
  plain block output: shape(h=56,w=56,c=256)
  plain preview: 0.0597685 0.0116065 0.0340516 0 0 0 0 0 0 0 0 0.00815516 0 0.00193939 0.017687 0.00806591 0 0 0 0 0 0 0 0 0 0 0.0556109 0.00279873 0 0 0 0.0287261

========== layer1 block 1 ==========
  plain block output: shape(h=56,w=56,c=256)
  plain preview: 0.0276262 0.00383431 0.0254511 0 0 0 0 0.0016384 0.00338719 0.00232153 0 0.00234092 0 0 0.00701068 0 0 0.000927848 0 0.00102358 0 0.00425752 0.0100592 0.0076471 0.00633933 0.00849647 0.052898 0.0117195 0 0 0.00362799 0.0183364

========== layer1 block 2 ==========
  plain block output: shape(h=56,w=56,c=256)
  plain preview: 0.0285475 0.0154181 0.0023294 0 0 0 0 0 0.00701756 0 0 0 0.000688803 0.00565601 0.00441477 0 0 0 0.0109565 0.00322701 0 0 0.00773985 0 0 0 0.0426333 0 0.00199641 0 0.00944801 0.00318154

========== layer2 block 0 ==========
  plain block output: shape(h=28,w=28,c=512)
  plain preview: 0.126314 0.0851146 0.0607949 0.0344713 0.0352258 0.0917141 0.0720996 0.168307 0.0819876 0.044278 0.0496312 0.0220868 0.0867847 0.0460328 0.0333337 0.113594 0.0258617 0.0531329 0 0.118361 0 0.0563475 0.0474229 0.0137758 0.100454 0.078381 0 0 0.0766173 0.053066 0.0881769 0.114346

========== layer2 block 1 ==========
  plain block output: shape(h=28,w=28,c=512)
  plain preview: 0.0900761 0.0539213 0.0670647 0.00527579 0.00907834 0.0459202 0.00458045 0.131362 0.0882932 0.0155593 0.0446162 0.0112185 0.0756124 0.0034451 0 0.0913462 0 0.0291493 0 0.123244 0 0.0261799 0 0 0.0473884 0.0739071 0 0 0.0253485 0.018512 0.00767222 0.0476961

========== layer2 block 2 ==========
  plain block output: shape(h=28,w=28,c=512)
  plain preview: 0.0583552 0.037516 0.02607 0 0 0.0210865 0 0.0989075 0.0501391 0 0 0 0.0175224 0 0 0.0489086 0 0 0 0.106247 0 0 0 0 0.016022 0.0322039 0 0 0.00247993 0.00521147 0 0.0158013

========== layer2 block 3 ==========
  plain block output: shape(h=28,w=28,c=512)
  plain preview: 0 0 0 0 0 0 0 0.0759017 0.0347985 0 0 0 0.0238286 0 0 0.0271828 0 0 0 0.0676072 0 0 0 0 0 0 0 0 0 0 0 0

========== layer3 block 0 ==========
  plain block output: shape(h=14,w=14,c=1024)
  plain preview: 0.228524 0.115775 0.0970121 0.141242 0.223408 0.211729 0.102118 0.163978 0.14022 0.109206 0.0935189 0.0253806 0.0225906 0.207312 0.137285 0.152868 0.161841 0.132063 0.236793 0.196127 0.128051 0.171912 0.0885738 0.161436 0.110608 0.0736897 0.0687324 0.234055 0.0207158 0.0161158 0.0410368 0.00770306

========== layer3 block 1 ==========
  plain block output: shape(h=14,w=14,c=1024)
  plain preview: 0.099145 0.0234857 0.00372054 0.0211435 0.058832 0.0573315 0 0.069555 0.0362241 0.013852 0.0389181 0 0 0.130212 0.00699733 0.0595884 0.0581639 0.0286022 0.076696 0.0472393 0.0472647 0.062511 0.0242198 0.0615578 0.0352212 0.0425992 0 0.0881586 0 0 0.0104534 0

========== layer3 block 2 ==========
  plain block output: shape(h=14,w=14,c=1024)
  plain preview: 0.0906539 0.00687202 0 0.0141299 0.0505905 0.0376995 0 0.0510775 0.0135049 0 0.0300921 0 0 0.118761 0.00906762 0.0537406 0.0518358 0.0222582 0.0674629 0.0306147 0.0340694 0.0512784 0.00831081 0.0489503 0.0279292 0.0330984 0 0.082692 0 0 0.0176457 0.0115597

========== layer3 block 3 ==========
  plain block output: shape(h=14,w=14,c=1024)
  plain preview: 0.0201226 0 0 0 0 0 0 0.00410528 0 0 0 0 0 0.0667671 0 0.00598234 0.0317015 0 0.00531708 0 0 0 0 0 0 0 0 0.0195337 0 0.00284018 0.0210679 0.00837122

========== layer3 block 4 ==========
  plain block output: shape(h=14,w=14,c=1024)
  plain preview: 0.0172085 0.000751961 0.00078289 0 0.000704214 0.00135163 0.00117903 0.00461316 0.00017938 0.00204825 0.00032071 0.0012809 0 0.060783 0.00545084 0.0104211 0.0353396 0.0049706 0.00880597 0.00353466 0.0047424 0.00460992 0.00501503 0.00641412 0.00409211 0.00586002 0.00307416 0.0214787 0.00623012 0.0104202 0.0301332 0.0155454

========== layer3 block 5 ==========
  plain block output: shape(h=14,w=14,c=1024)
  plain preview: 0 0 0 0 0 0 0 0 0 0 0 0 0 0.00591943 0 0.00235783 0.0227587 0 0 0 0 0 0 0.00346994 0 0 0 0 0 0 0.0183621 0.0059897

========== layer4 block 0 ==========
  plain block output: shape(h=7,w=7,c=2048)
  plain preview: 0 0 0 0 0 0 0 0 0 0 0 0 0 0 0.0181365 0.0261188 0 0 0 0 0 0 0.024881 0.0412594 0 0 0.0006962 0 0 0 0 0

========== layer4 block 1 ==========
  plain block output: shape(h=7,w=7,c=2048)
  plain preview: 0 0 0 0 0 0 0 0 0 0 0 0 0 0 0.0261084 0.173329 0.153355 0.156691 0.14357 0.10332 0.00450222 0 0.0768779 0.168143 0.143426 0.141175 0.111576 0 0 0 0.0646987 0

========== layer4 block 2 ==========
  plain block output: shape(h=7,w=7,c=2048)
  plain preview: 0 0 0 0 0 0 0 0 0 0 0 0 0 0 0 0 0 0 0 0 0 0 0 0.0407334 0.0292054 0.029981 0 0 0 0 0 0
  plain average pool output: shape(h=1,w=1,c=2048)
  plain preview: 0.0407836 0 0 0 0 0 0 0 0 0 0.0101106 0 0 0 0 0 0 0 0.0725235 0 0 0 0 0 0 0 0 0 0.0014977 0.000549238 0 0.170863
plain logits: 0.361889 -0.451865 -0.228557 -0.289297 -0.285147 -0.328097 -0.36733 -0.597043 0.392526 -0.302982 -0.512933 -0.104304 -0.502617 -0.328107 -0.411326 0.46266 -0.340105 -0.315493 0.703127 -0.463643 -1.1297 0.133764 -0.00232063 -0.349407 -0.268357 -0.163461 -0.442435 -0.574963 -0.488449 -0.000211317 0.0982615 -0.353964 -0.383659 0.288173 1.55696 0.168996 0.506452 -0.0362278 0.373281 -0.199008 -0.492247 0.269602 -0.207979 0.266292 1.14078 0.353065 0.607298 -0.0155558 -0.507507 -0.448206 -0.140504 -0.56652 2.44403 1.68101 3.05531 1.15772 4.8139 4.50386 3.30841 2.23164 4.27026 1.46788 2.90609 2.53378 1.44879 4.82182 2.47443 3.82397 3.89281 -0.53837 -0.123676 -0.680167 0.108013 0.210072 -0.612365 -0.112773 -0.0860252 -0.467673 -0.439638 0.789437 -0.267469 0.0568039 -0.110247 0.487761 1.08187 -0.31824 -0.492103 0.30538 -0.11441 -0.101893 -0.594147 -0.170971 -0.0564092 -0.586325 -0.382216 -0.216958 -0.368712 -0.287105 -0.564085 0.663379 -0.356706 -0.104648 0.67466 -0.476444 0.402077 -0.686071 -0.0357219 0.664542 -0.529319 -0.0326162 0.0271195 0.579601 0.462652 -0.181676 0.245336 -0.0118506 0.0623969 0.34658 0.538215 -0.170595 0.487471 -0.147511 -0.161968 -0.620892 -0.704449 0.492938 -0.198203 -0.32806 0.0851284 0.0330969 -0.0940344 -0.195559 0.540196 0.0947925 -0.31367 -0.109197 -0.284852 -0.485603 0.680828 0.161846 -0.319337 0.00146253 -0.321398 0.122492 -0.392895 0.160131 0.276104 -0.168254 -0.289359 -0.53498 0.0920514 0.0345493 -0.280453 1.01845 0.244422 0.143682 0.0192916 -0.210207 -0.286738 0.259907 -0.127964 0.447406 -0.119509 -0.538211 -0.28444 -0.794012 -0.160428 -0.788837 0.735799 -0.338491 0.87932 0.630848 0.114295 0.4832 -0.511863 -0.0629059 -0.707107 -0.200308 0.351458 0.0571416 0.0402353 0.411179 0.251209 0.183818 -0.229373 0.120327 0.325957 0.630228 -0.0308484 0.170277 -0.0356742 0.199661 0.639239 -1.18314 0.0358321 0.353728 0.46097 0.0257963 -0.14802 0.0397757 -0.227314 -0.414764 -0.798455 0.439079 0.549232 -0.0851038 0.15902 0.537777 1.062 0.988342 0.256087 0.362955 0.275993 -0.0215403 -0.328564 0.453135 -0.0630561 0.00495764 0.150496 0.0580379 -0.147972 -0.236206 -0.537782 0.513446 -0.197525 0.422052 0.459762 -0.438548 -0.251554 0.115916 0.0919085 0.571066 0.286126 -0.701354 0.176351 -0.0225217 0.734924 -0.0164968 0.869493 0.492582 0.70647 -0.498304 0.130244 0.110103 -0.313782 -0.13911 -0.529043 -0.0804071 -0.0614825 -0.0797208 0.225053 0.212779 -0.110903 -0.124502 0.514713 0.0290878 0.286756 -0.144531 0.407103 0.228476 -0.326288 0.388488 -0.645013 1.02465 -0.471078 1.19725 0.403086 -0.119925 -0.660408 -0.626092 -0.122684 -0.656486 0.544094 -0.0628614 -1.22452 -0.535144 -0.134443 0.00980574 -0.711286 -0.495825 0.0675501 0.810423 -1.03142 -0.0948473 0.0270358 0.121941 -0.277595 -0.540077 -0.0739572 -0.794685 -0.709099 -0.247769 -0.347352 -0.208338 0.418382 0.484949 -0.35923 -0.625077 0.158546 -0.182667 -0.407087 0.147023 -0.186667 -0.895942 -0.231451 0.543608 -0.337774 -0.444971 -0.146139 0.0309318 -0.126268 0.0765996 -0.487167 -0.512796 -0.657875 0.459102 0.0617787 -0.155934 -0.222232 -0.225338 -0.251765 -0.340502 -0.510691 -0.330254 -0.575994 -0.0829264 -0.261571 0.524497 0.447766 -0.0205379 -0.0619067 0.205622 0.506778 0.279922 0.140376 0.158263 -0.280865 -0.0507169 -0.210077 -0.590345 -0.295801 -0.540229 -0.451309 -0.284695 -0.114739 -0.431624 -0.238321 0.330316 -0.452939 0.392223 -1.05072 -0.118314 -0.378674 -0.0245238 -0.359597 -0.587438 0.307795 -0.547096 0.222774 -0.428017 -0.633908 0.235677 0.230046 0.795063 -0.302969 0.0159194 -0.539217 -0.202043 -0.610652 -0.134538 -0.46955 -0.49103 0.241875 0.331404 -0.562157 -0.418669 -0.578305 -0.547551 -0.88811 -0.387633 -0.165848 -0.286572 -0.531178 -0.015563 -0.214918 0.046551 0.0945538 -0.552446 -0.758699 -0.534772 1.35331 1.28366 -0.520734 -0.365667 -0.0770679 0.45342 -0.524465 0.416653 -0.341904 -0.199699 -0.419497 -0.320097 0.18757 -0.193294 -0.535085 0.0463322 -0.0214287 -0.0480257 -0.0297131 -0.0405441 -0.0833617 0.117538 0.370398 0.429118 -0.162595 0.010035 0.1533 0.120946 1.09331 -0.304415 -0.056075 -0.364208 -0.219456 -0.200008 -0.501504 0.256249 -0.124173 0.148859 0.116054 -0.217098 0.395746 -0.178629 0.495267 -0.397176 -0.178127 -0.0103769 -0.289404 0.675878 0.0189654 -0.0737994 0.751972 -0.234867 -0.282004 -0.310361 0.514281 -0.154588 0.19995 0.137183 -0.328165 -0.161476 -0.13837 -0.060919 0.0256535 -0.0121724 0.112622 0.353217 0.0870199 0.0442548 0.0189753 -0.259293 0.591896 -0.232346 -0.297967 0.48144 -0.176441 -0.195812 -0.309174 -0.319122 -0.0321025 -0.582197 0.322136 -0.128192 1.54788 0.167383 0.294967 0.273628 -0.210888 -0.154875 0.331191 0.330058 0.015806 -0.162633 -0.310864 0.177793 -0.0685481 -0.199749 0.0163791 -0.400461 -0.422562 -0.86022 -0.869339 -0.214558 -0.299605 0.220892 -0.443208 0.334901 0.160984 -0.160879 -0.176762 -0.129558 -0.602848 -0.524134 -0.00938135 -0.108043 -0.0697518 0.0639349 -0.287311 -0.228558 0.0173412 -0.177336 0.0372136 0.168095 0.0391389 -0.116486 0.343483 -0.306691 -0.0750864 -0.776951 0.101506 0.0199059 -0.079886 0.28752 -0.405692 -0.242747 0.277948 1.00732 0.0588683 0.0733313 0.0310078 -0.0105569 0.314305 -0.465507 -0.0245365 0.0754006 -0.589673 -0.237904 0.0142483 0.265508 -0.124102 0.226532 -0.567405 -0.562328 0.340466 0.190166 -0.170915 -0.0504942 0.100595 -0.226885 0.0244713 0.370393 -0.0114615 0.141416 0.136615 0.607853 -0.296029 -0.0211088 -0.327203 -0.26874 -0.2874 -0.446568 -0.327383 0.0109886 -0.428932 0.223351 0.247037 0.166132 -0.275244 -0.108466 -0.198141 -0.282922 -0.335805 0.0234808 0.0201274 0.557413 0.996665 0.176905 -0.649896 0.116547 0.333136 -0.120602 -0.67049 0.0682325 -0.0521742 -0.11434 -0.294161 0.00417898 0.132052 -0.116239 -0.364268 0.0669392 -0.328955 0.119051 0.127652 -0.164391 0.0588125 -0.109944 -0.340034 0.188026 -0.197302 -0.433394 0.361632 -0.162991 -0.316554 0.198355 0.413158 -0.026809 0.0984924 0.271251 0.36358 -0.286971 -0.0860034 -0.263748 -0.218705 0.203788 -0.035505 -0.107214 0.0248832 0.044636 -0.299658 0.2894 -0.0102114 -0.49166 0.354665 -0.0240297 -0.102531 -0.717441 0.0881981 -0.0773172 -0.823812 0.113375 0.261377 0.137442 0.114595 -0.294585 -0.125478 0.00127644 -0.441454 0.625784 0.0665293 -0.437606 0.789419 -0.134164 0.0150903 -0.114449 0.0434235 0.0127366 0.305335 0.028391 0.150032 -0.286851 -0.193334 0.236489 -0.117778 0.311476 0.252272 0.066726 0.180931 0.0133428 -0.259694 -0.232499 0.230376 0.112562 -0.327198 -0.396871 0.477513 0.620693 -0.119475 -0.335017 -0.481857 0.184256 -0.197155 0.242961 -0.464292 -0.146906 0.15245 -0.34664 -0.0476515 0.318672 0.0104522 -0.0597985 0.298609 0.159143 0.668047 0.0457172 -0.415781 0.091117 0.078451 0.0820303 -0.227302 0.1153 0.336136 -0.271158 -0.359256 0.355405 0.0341813 -0.277164 -0.37523 -0.227988 -0.0861914 -0.103681 0.0858022 0.266501 -0.109872 0.350906 -0.616553 0.397776 -0.625371 -0.342756 -0.105141 -0.512425 -0.225439 -0.158903 -0.242336 0.198377 -0.33651 -0.151998 -0.00107822 -0.217724 -0.642184 0.112085 -0.119101 -0.187409 0.0312135 0.148303 -0.120911 -0.0329455 -0.366031 0.00300286 0.362406 -0.149727 -0.0523301 -0.484191 0.00973044 0.125288 -0.00581461 -0.185739 -0.0970231 0.0662315 0.125968 -0.216879 -0.381858 0.123282 0.39244 -0.348778 0.177886 0.0527822 0.0925506 -0.0451487 -0.0215641 0.45635 0.00588675 -0.0412715 -0.237612 -0.453181 -0.227087 0.117459 -0.386026 0.294501 0.883485 0.0569463 -0.0640924 0.242039 -0.0846591 0.224201 -0.372905 0.472913 -0.402869 -0.295244 -0.546934 0.161217 0.550434 -0.230003 0.259567 -0.289588 0.576849 -0.13191 0.0958238 0.0801427 -0.408357 0.0136288 -0.145105 -0.743446 0.135725 0.0332477 0.019402 -0.305991 -0.0506579 0.0355291 0.117479 -0.13203 0.301881 -0.435512 -0.62703 0.0751623 0.194353 -0.138001 -0.0320061 0.560079 0.211532 -0.243169 0.0216843 -0.737566 -0.573066 -0.62044 0.0492233 0.229279 0.0793682 -0.532612 -0.230141 0.223636 -0.196871 0.174835 0.0698743 -0.124449 0.0170375 -0.406031 0.32586 -0.698699 -0.0752753 -0.723021 -0.0910641 -0.512786 -0.361385 0.0175202 -0.820404 -0.287569 -0.106855 -0.0403781 0.0352283 -0.457606 -0.683267 -0.166341 -0.573059 -0.00134099 0.590907 0.196084 -0.284189 0.422878 0.292061 -0.137133 -0.137012 0.311271 -0.0220793 -1.01671 -0.17375 0.579163 0.0239721 -0.49933 -0.020961 -0.128838 0.0959554 0.413697 1.17289 -0.440136 0.153063 -0.408818 -0.630393 -0.259828 -0.752639 0.0445016 -0.317454 0.180305 0.0823529 -0.0926565 -0.105796 -0.462624 0.320954 0.0213945 0.0346775 0.273167 0.202624 -0.254087 0.429278 0.249123 -0.6864 0.146494 0.0324106 0.117851 -0.119435 0.310429 0.993643 0.0942269 -0.143968 -0.0228752 0.00941413 -0.345708 -0.244276 -0.0163676 0.0277515 -0.119092 -0.793277 -0.0481072 -0.372684 0.0433381 0.361174 -0.487858 -0.117538 0.0710057 0.501568 0.266107 0.0883173 0.168249 -0.489168 -0.331999 -0.483494 -0.0610026 0.0734923 0.241139 -0.032939 -0.0545149 -0.190477 -0.538717 0.8027 0.303381 -0.411358 -0.0435908 0.126255 -0.329049 -0.280439 0.158432 -0.267599 -0.306975 -0.0644543 0.0757779 -0.302238 -0.13607 -0.0460506 0.0675383 0.218598 -0.220742 -0.409847 -0.0518899 0.0762475 -0.0631726 0.120412 0.413227 -0.174121 -0.353264 -0.111684 0.225325 0.365017 -0.269399 0.112549 -0.458055 0.00885502 -0.472576 -0.622572 0.518723 -0.0235903 -0.0653349 0.0613248 0.393604 -0.240175 0.188094 0.097562 -0.206496 -0.371889 -0.26402 0.227118 -0.0992254 -0.379835 0.291897 -0.15941 -0.0458588 0.0850071 -0.041746 -0.053286 0.0662381 0.39371 -0.033395 -0.0663678 -0.326568 0.115764 -0.246903 0.358043 1.38951 0.774254 1.99447 0.807719 0.320227 -0.148679 -0.872148 -0.203688 -0.497724 0.277365 0.00188455 -0.28492 -0.192989 -0.206586 -0.158455 -0.0642633 -0.677147 -0.228266 -0.40004 -0.341153 0.007894 -0.944441 -0.899566 -0.34118 0.176232
image label: 57
plain predicted label: 65
image time : 43484 ms
