image_id: 3
log_file: "/home/guoshuai/github/poseidon/Trident/resnet50/result/resnet50_plain_image3_20260709_202017.txt"
plain_relu_reference: relu
stem_pool_mode: maxpool
  plain input: shape(h=224,w=224,c=3)
  plain preview: -0.0613708 -0.0579459 -0.0596584 -0.0579459 -0.0570896 -0.0579459 -0.0553772 -0.0528085 -0.051096 -0.0493835 -0.0493835 -0.047671 -0.0459586 -0.0468148 -0.0442461 -0.0433898 -0.0408211 -0.0391087 -0.0356837 -0.033115 -0.0305463 -0.0288338 -0.0245526 -0.0245526 -0.0219839 -0.0219839 -0.0194152 -0.0177027 -0.0159902 -0.015134 -0.015134 -0.0177027

========== Stem ==========
stem pool mode: maxpool
  plain stem output: shape(h=56,w=56,c=64)
  plain preview: 0.160599 0.173062 0.173062 0.164578 0.162335 0.174066 0.174066 0.169887 0.169887 0.157439 0.156006 0.174902 0.172355 0.188075 0.188075 0.181454 0.217161 0.191056 0.188003 0.168632 0.168632 0.167007 0.185167 0.19471 0.169512 0.166184 0.164568 0.195446 0.195446 0.17008 0.188774 0.189068

========== layer1 block 0 ==========
  plain block output: shape(h=56,w=56,c=256)
  plain preview: 0 0.00202462 0.00699797 0 0.00932769 0.0336325 0.0194105 0 0 0 0 0 0 0 0 0.0259429 0 0.0182807 0.0117629 0.0562828 0.017596 0 0 0 0 0.0302611 0 0 0 0 0 0

========== layer1 block 1 ==========
  plain block output: shape(h=56,w=56,c=256)
  plain preview: 0 0 0 0 0 0.0183386 0.00804234 0 0 0 0 0 0 0 0 0.0255841 0 0.00724163 0.00606321 0.0437683 0.00780891 0 0 0 0 0.0234416 0 0 0 0 0 0

========== layer1 block 2 ==========
  plain block output: shape(h=56,w=56,c=256)
  plain preview: 0 0 0 0 0 0.00431972 0 0.00881722 0 0 0 0 0 0 0 0.026395 0 0 0.00887068 0.0326881 0 0 0 0 0 0.0197922 0 0 0 0 0 0

========== layer2 block 0 ==========
  plain block output: shape(h=28,w=28,c=512)
  plain preview: 0.181003 0.194653 0.199235 0.221173 0.204074 0.163675 0.180944 0.172757 0.101292 0.137294 0.171574 0.144481 0.138876 0.110092 0.108794 0.112029 0.153005 0.179951 0.152335 0.121802 0.187281 0.212426 0.210163 0.186941 0.158492 0.156323 0.162539 0.119127 0.231288 0.144689 0.123248 0.180459

========== layer2 block 1 ==========
  plain block output: shape(h=28,w=28,c=512)
  plain preview: 0.17761 0.245868 0.207473 0.185748 0.208 0.121312 0.136281 0.125691 0.0205049 0.0822394 0.132298 0.0757764 0.0772477 0.0326855 0.0383886 0.0342417 0.0833739 0.109467 0.0553078 0.0343512 0.131738 0.181539 0.202262 0.206035 0.13603 0.109458 0.185007 0.145439 0.22635 0.124077 0.0461181 0.0844621

========== layer2 block 2 ==========
  plain block output: shape(h=28,w=28,c=512)
  plain preview: 0.154078 0.221605 0.179232 0.131681 0.166205 0.102746 0.131915 0.106337 0 0.038618 0.101224 0.0362796 0.0359207 0 0 0 0.0436069 0.0793213 0.0343028 0.00374917 0.109865 0.167731 0.198212 0.17888 0.0733715 0.0772737 0.165488 0.139602 0.195015 0.0761846 0.0113371 0.0585257

========== layer2 block 3 ==========
  plain block output: shape(h=28,w=28,c=512)
  plain preview: 0.103965 0.173615 0.162743 0.116973 0.165519 0.0456434 0.065821 0.0372293 0 0 0.0393265 0 0 0 0 0 0 0.012664 0 0 0.0621823 0.097988 0.139408 0.163637 0.0689306 0.050561 0.140993 0.113205 0.163121 0.0515517 0.00275362 0.0404206

========== layer3 block 0 ==========
  plain block output: shape(h=14,w=14,c=1024)
  plain preview: 0 0 0.0756942 0.0491646 0 0 0 0 0.0197427 0 0.00113165 0.0433086 0.103449 0 0.0522697 0 0 0 0 0 0 0.000766596 0 0 0 0 0 0 0.0189696 0 0 0

========== layer3 block 1 ==========
  plain block output: shape(h=14,w=14,c=1024)
  plain preview: 0 0 0.0471408 0.0398225 0.00530351 0 0 0 0 0 0 0 0 0 0 0.00182301 0.0187518 0.0387616 0.00601037 0 0 0 0 0 0 0 0 0 0.0322018 0.0183021 0 0

========== layer3 block 2 ==========
  plain block output: shape(h=14,w=14,c=1024)
  plain preview: 0.00535037 0.000717775 0.0413907 0.0343528 0.000641731 0 0 0 0.000691325 0.00263228 0 0 0 0.0033335 0 0 0.0141471 0.0251633 0 0 0 0 0 0 0 0.000137398 0.000211288 0 0.0385339 0.0231213 0.000937824 0

========== layer3 block 3 ==========
  plain block output: shape(h=14,w=14,c=1024)
  plain preview: 0 0 0.0334293 0.0285312 0 0 0 0 0 0 0 0 0 0.0208265 0 0 0 0.00750213 0 0 0 0 0 0 0 0 0 0 0.0210104 0 0 0

========== layer3 block 4 ==========
  plain block output: shape(h=14,w=14,c=1024)
  plain preview: 0.00379848 0 0.0315016 0.0253488 0 0 0 0 0.00107312 0 0 0 0 0.0166104 0 0 0 0.0056593 0.00219223 0.00406106 0.00632711 0.00767186 0.00754969 0.0055099 0 0 0 0 0.0144158 0 0 0.00225063

========== layer3 block 5 ==========
  plain block output: shape(h=14,w=14,c=1024)
  plain preview: 0 0 0.00180498 0.00433782 0 0 0 0 0 0 0 0 0 0.00561186 0 0 0 0 0 0 0.00939624 0.0150517 0.0104371 0.0159223 0 0 0 0 0 0 0 0

========== layer4 block 0 ==========
  plain block output: shape(h=7,w=7,c=2048)
  plain preview: 0 0.00817977 0 0 0 0 0 0 0 0 0.0257556 0 0 0 0 0 0 0 0 0 0 0 0 0 0 0 0 0 0 0 0 0

========== layer4 block 1 ==========
  plain block output: shape(h=7,w=7,c=2048)
  plain preview: 0 0 0 0 0 0 0 0 0 0 0 0 0 0 0 0 0 0 0 0 0 0 0 0 0 0 0 0 0 0 0 0

========== layer4 block 2 ==========
  plain block output: shape(h=7,w=7,c=2048)
  plain preview: 0 0 0 0 0 0 0 0 0 0 0 0 0 0 0 0 0 0 0 0 0 0 0 0 0 0 0 0 0 0 0 0
  plain average pool output: shape(h=1,w=1,c=2048)
  plain preview: 0 0 0 0 0 0 0 0 0 0 4.32345 0 0 0 0 0 0.108046 0 0 0 0 0 0 0 0 0 0 0 0 0 0 0.0680075
plain logits: -0.152427 0.248195 0.0638165 0.0585153 0.0992526 -0.162361 0.289557 -0.278763 -0.0985965 0.0843061 -0.0564455 0.0412489 0.0720195 0.24846 0.023307 -0.111583 0.137329 -0.129171 0.00513549 0.0422402 -0.0967904 0.0225884 -0.0532838 -0.0966696 -0.0430853 -0.109771 0.0604092 0.054566 -0.27618 -0.170328 0.0107405 -0.115947 -0.0226504 -0.116579 -0.0988846 -0.190094 -0.240549 -0.0148937 -0.183741 -0.0659491 0.0627603 0.0286247 0.110164 -0.114882 -0.0369553 0.0353728 -0.0008266 -0.109472 0.15629 -0.0276362 0.0937401 -0.173172 0.241743 0.252321 0.252265 0.0883362 0.070726 -0.0763591 -0.049349 0.0574722 -0.333607 -0.171833 -0.243301 -0.00241757 -0.127035 0.0770297 0.248544 -0.132853 -0.142858 0.0385105 0.0022965 -0.216653 0.0564938 -0.0312465 0.157432 0.105826 -0.18632 0.309626 0.0690038 -0.122996 -0.0236888 0.0233716 -0.0874096 -0.0232463 -0.128708 0.0557779 -0.0297984 0.0238288 -0.0567424 0.0491125 0.141827 -0.251604 0.0783858 -0.0689422 0.0836626 0.03845 0.0270317 -0.12204 -0.0365135 -0.0140977 0.108277 -0.0617142 0.0306963 -0.0101112 0.26457 0.137452 0.135228 -0.249826 -0.189056 -0.250659 -0.0126597 0.112503 -0.100583 -0.173472 0.147138 -0.131158 -0.0696069 -0.0499804 0.424717 0.121957 0.105327 -0.229733 -0.0354405 -0.0849881 -0.241914 0.254776 0.0486302 -0.0606259 0.132887 0.391025 -0.118633 -0.0241388 -0.133007 -0.153176 -0.0439381 0.0848937 0.0133305 0.0332988 0.0402109 -0.170421 0.030817 -0.0626628 0.199778 0.0925765 0.145174 0.39836 0.0913227 0.0797654 0.112903 0.184411 0.0393274 -0.197875 0.097919 0.386289 0.327098 0.0479869 0.000338209 0.321675 0.271787 0.102641 0.0448553 -0.142713 0.0801086 0.194266 -0.156119 -0.145202 -0.0126393 0.0275096 0.231176 0.200202 0.0912128 0.0462555 -0.267203 -0.103819 -0.169394 -0.177276 -0.0724994 -0.0364069 -0.0773962 -0.165857 -0.198852 0.184918 0.052375 0.10453 -0.0958652 0.12873 -0.0229518 0.34978 0.119809 -0.128761 -0.0548233 -0.0916537 0.362673 -0.15402 0.0583165 -0.0565004 0.0748835 -0.0798014 -0.232346 -0.289134 0.344225 -0.0880665 -0.14232 0.102968 -0.257325 -0.0965672 0.116198 -0.237473 0.108826 -0.144185 0.152292 -0.089639 -0.11219 -0.00310469 0.0944246 0.106621 -0.0569002 0.212409 0.0715183 -0.0728932 0.12456 0.226412 -0.00619896 0.127565 0.17419 0.0883821 0.158866 -0.121483 -0.0243298 0.0398737 0.207641 -0.0749437 -0.279082 -0.0405082 -0.0285245 0.26085 -0.078629 -0.189944 -0.0165579 0.225802 0.0956593 -0.0101511 -0.00346537 0.101366 0.0491155 -0.335321 0.110914 0.154988 0.0191137 -0.0637825 0.0687865 0.0433405 -0.0583267 0.0891955 0.0837938 0.0933389 -0.101444 0.0644736 0.0549839 -0.11902 -0.0278466 0.179647 -0.347871 -0.12259 0.225039 0.0577133 0.174023 -0.153028 -0.203503 0.144063 0.0865845 0.0196841 0.135816 0.160611 -0.0402403 0.173519 0.133118 0.0757482 0.0187191 -0.0629497 0.0290747 0.369435 0.0365237 0.101579 0.0242871 -0.188334 0.127974 0.00377738 -0.0600764 0.0685469 0.136512 0.12347 0.0197417 0.162126 0.178025 0.120334 -0.158425 0.151356 -0.0260152 -0.0175418 0.0372417 -0.241825 -0.328006 0.105784 0.0868801 0.0218311 -0.189555 0.185147 -0.123885 -0.00661765 0.215533 -0.027007 -0.1596 0.0681773 0.174255 -0.1358 0.11078 0.170411 -0.0224093 -0.0898604 0.183089 0.0119084 0.0113735 0.0233881 -0.0197464 -0.0868241 -0.129804 -0.204808 0.0159893 -0.171947 0.161019 0.0699538 -0.0633361 -0.0253868 -0.125882 0.015199 0.0597353 0.104765 0.290093 -0.125662 -0.00560137 -0.06352 0.182199 0.0753653 -0.137767 -0.0426352 0.0521104 0.136749 0.0663465 0.0932306 -0.037257 0.169232 0.16548 0.0122518 -0.172428 -0.16105 -0.28177 0.00991596 0.353538 0.0335307 -0.181048 -0.0833087 0.113305 0.0304805 -0.101002 -0.0974296 0.183609 0.121575 0.0832884 0.0808923 0.133344 0.193151 0.132884 -0.12407 0.254573 -0.0120941 0.00843461 -0.0436465 -0.0384149 -0.0252553 -0.0885952 -0.0820802 -0.138554 0.0848949 -0.100913 0.000728739 0.0220577 0.0403885 -0.00504768 -0.184435 -0.169909 -0.066901 0.0418559 0.161024 0.00103404 0.161978 -0.0789803 -0.123158 -0.0839824 0.00335276 -0.182163 -0.117158 -7.60638e-05 -0.0361548 -0.117881 0.0569439 -0.272686 0.132649 -0.107699 -0.147601 -0.274911 0.426675 -0.433592 0.0420837 -0.251733 -0.241805 -0.129165 -0.16362 -0.305939 -0.0171442 -0.306387 -0.116887 -0.0274793 -0.0337483 -0.0782567 -0.0340168 -0.401378 -0.266954 -0.216904 0.257383 -0.245041 -0.63253 0.00450721 -0.0749577 -0.348137 -0.617326 -0.0552141 0.00374277 -0.54308 -0.285385 -0.464594 0.0995593 -0.280141 -0.167102 -0.101197 -0.422867 0.107841 -0.0467812 0.14041 -0.0350557 -0.1515 -0.218403 0.126399 -0.0796474 -0.252574 -0.258575 -0.0108737 -0.587758 -0.229562 -0.214996 0.100331 -0.164582 -0.176604 0.385003 -0.0710544 -0.193089 -0.196193 -0.360607 -0.00546602 -0.37722 0.896005 -0.0732003 -0.123614 -0.0716094 -0.123187 -0.163329 -0.443165 -0.293157 0.385778 -0.100463 0.203875 -0.250008 -0.250692 0.078747 -0.162325 0.0134415 0.22997 -0.170952 -0.358655 -0.0660652 -0.316309 0.0748492 0.297303 0.325747 -0.173513 0.450052 0.00140109 -0.382604 0.00775413 -0.467438 0.0318141 -0.382798 0.144757 -0.06476 2.44447 0.588306 -0.183929 -0.0551962 -0.223849 -0.670035 0.0390406 -0.0384401 -0.315756 -0.392699 -0.178315 -0.312725 -0.0317052 -0.182264 -0.18067 -0.545491 -0.208266 -0.0890786 0.0699487 -0.182065 -0.335874 0.030356 -0.0347558 -0.157707 -0.321726 -0.424194 0.0450394 0.0440753 0.270097 -0.0514331 0.0284746 -0.238117 -0.250042 0.0359123 -0.00941981 -0.0542508 -0.194006 -0.617495 -0.583447 0.0420374 0.273298 -0.269454 -0.321582 -0.0903446 -0.223809 0.0875779 0.163505 0.575682 -0.0178626 -0.109609 -0.121957 -0.107399 -0.305846 -0.0849288 -0.0720775 -0.0672909 0.246727 0.18093 -0.114449 0.0644833 0.0688392 0.0840225 -0.0855786 -0.468645 0.22851 -0.0550984 -0.561444 -0.0351064 0.951392 0.0824172 0.244675 -0.105195 -0.188082 -0.182617 0.0380537 0.0351248 -0.213195 -0.298713 0.0930351 -0.190911 -0.0118272 -0.586552 -0.0643337 -0.0711203 -0.712183 -0.467542 0.0942577 0.973705 -0.144963 -0.184496 -0.000165563 -0.105912 0.100468 -0.372117 -0.169662 -0.212493 -0.149643 0.0213017 0.0590271 -0.00609445 -0.155131 -0.422775 -0.0964318 0.0908193 -0.29864 -0.0926329 -0.36774 -0.206835 -0.170042 -0.350303 -0.0974602 -0.345108 -0.227425 -0.129356 2.14163 0.978893 -0.419717 -0.113045 0.0138397 0.291294 0.204207 -0.00798194 0.474148 -0.124526 0.179529 -0.167155 0.114175 0.170875 0.166004 -0.3434 -0.196012 -0.216836 -0.731038 -0.350411 -0.0591524 0.0517735 -0.14771 -0.0498334 -0.0132834 -0.454591 0.521169 -0.10509 -0.219964 0.378989 -0.264375 0.0910632 -0.126497 -0.0258898 -0.16593 -0.0832083 -0.211295 -0.300591 0.0173611 -0.100776 0.0122689 4.01899 -0.129284 -0.101571 -0.29637 -0.13028 -0.324241 -0.0164263 0.7873 -0.172759 0.123038 -0.0180262 -0.0507946 -0.0622438 -0.0359754 -0.165721 0.144365 -0.0503908 -0.0104282 -0.0337539 -0.492688 -0.216316 -0.23653 -0.06408 -0.0820407 -0.0911206 -0.274401 -0.202583 -0.158155 -0.137329 -0.226982 0.099026 0.0330361 -0.380774 0.485407 -0.301328 -0.192047 -0.220179 0.0761007 -0.421517 0.0715065 -0.147364 -0.185952 0.140818 -0.00565396 0.0636472 -0.239868 -0.0806928 -0.365902 -0.0150685 -0.263414 0.047113 -0.0455268 -0.105202 -0.284712 -0.113268 -0.143253 -0.0854828 -0.167672 -0.108903 -0.0363041 0.655912 0.0447012 0.35769 0.123362 -0.0733699 -0.0271783 1.15247 -0.628474 -0.0847755 -0.408383 -0.176163 -0.0217788 -0.37869 -0.160961 -0.0305636 -0.225629 -0.505703 -0.411998 -0.149134 0.518064 -0.343652 0.0986859 -0.0142433 -0.135756 -0.16366 0.0789548 -0.34079 -0.103521 -0.246632 0.0700395 -0.534876 -0.162683 -0.148121 -0.0969494 -0.30253 0.140836 0.171272 -0.664124 -0.307963 -0.276721 0.0564895 -0.481636 0.0417499 -0.268614 -0.0549728 0.0480054 0.109358 -0.467068 0.104261 0.111663 -0.0982952 -0.240429 -0.337199 0.133996 1.52575 0.320679 -0.336767 -0.433496 -0.634385 -0.176647 -0.173648 0.219605 -0.149931 -0.130963 0.175366 0.140741 -0.137894 -0.109081 -0.610715 0.144938 0.172772 0.0517551 -0.0858324 -0.541178 -0.208048 -0.0968187 0.100088 -0.234698 -0.335542 -0.134031 0.279476 -0.28685 -0.292581 -0.0572957 0.0775869 0.517753 -0.0419498 -0.0453337 -0.158906 -0.343234 6.53535 -0.334148 -0.197105 -0.133709 -0.0878493 0.113189 -0.211647 0.100156 -0.248084 -0.122892 -0.327979 -0.0530269 -0.0482316 -0.284573 -0.0108728 -0.175146 -0.0114388 0.151074 0.0371535 1.16398 -0.223787 -0.347314 0.263903 -0.239409 -0.156545 -0.0857849 -0.0894008 -0.0763051 -0.204785 -0.47826 0.118087 -0.214354 -0.209449 -0.302509 -0.0168548 0.126531 0.0503573 -0.303982 0.127507 -0.0716404 1.96526 0.204754 -0.364419 -0.309855 0.0952225 -0.265814 0.467737 -0.111324 -0.259936 -0.0320709 -0.349199 -0.0810895 -0.61057 -0.203234 -0.016791 0.00370667 -0.30435 -0.0168942 -0.0677841 0.864405 0.0399769 0.0174144 -0.180861 0.0353309 0.0231774 0.0803638 -0.0438058 0.334051 -0.0442775 -0.14508 -0.0406449 -0.190877 0.00804468 -0.26481 0.748821 0.470943 -0.132086 -0.132518 -0.177139 0.0965953 -0.295311 -0.085865 0.338898 0.0677621 -0.676652 -0.199237 -0.0638923 1.14244 -0.362022 -0.19471 1.4127 0.00403519 0.244697 -0.10159 -0.104463 0.104473 -0.508509 -0.160971 -0.169758 0.0436702 -0.916981 1.52154 -0.175903 -0.093304 -0.0651635 0.174303 0.150954 -0.265178 -0.49362 0.14813 -0.0295106 -0.197571 -0.566026 0.145228 0.24645 0.745832 3.56453 0.686397 0.085194 1.13109 -0.161206 -0.202377 -0.100274 0.00621914 -0.122278 -0.0707751 0.679409 -0.103314 1.19928 0.219747 0.179058 0.130455 -0.111694 0.848058 -0.155864 -0.0932944 -0.179607 -0.0850006 0.244104 0.363134 0.357012 0.409133 0.137724 0.0764685 0.177574 0.14414 0.0575561 -0.126104 0.144813 0.162188 0.661311 0.282961 0.462443 -0.154985 -0.938663 -0.00301251 -0.556726 -0.389684 3.14339 5.04812 2.95384 0.179807 -0.329477 -0.0495252 -0.129278 0.0653681 0.0073213 0.202542 0.0394393 -0.0180662 0.153052 0.0848734 -0.0253963 -0.434752 -0.0382394 0.14071 0.225886 -0.102804 0.405477 0.0287615 0.0947344 -0.114241 -0.0576079 0.00788398 -0.288367 -0.297568 -0.0703045 -0.308199 0.196345 -0.052566 -0.155533
image label: 809
plain predicted label: 809
image time : 41701 ms
