image_id: 4
log_file: "/home/guoshuai/github/poseidon/Trident/resnet50/result/resnet50_plain_image4_20260709_202017.txt"
plain_relu_reference: relu
stem_pool_mode: maxpool
  plain input: shape(h=224,w=224,c=3)
  plain preview: 0.00284699 0.00884065 0.00627194 0.00113451 0.00370323 0.00284699 0.0054157 0.00370323 0.00113451 0.00370323 0.0054157 0.00455947 0.00199075 0.00284699 0.00712818 0.00370323 0.00199075 0.00199075 0.00199075 0.00370323 0.00712818 0.0122656 0.0148343 0.0139781 0.0122656 0.0122656 0.00712818 -0.0014342 -0.00485915 -0.0108528 -0.0168465 -0.0168465

========== Stem ==========
stem pool mode: maxpool
  plain stem output: shape(h=56,w=56,c=64)
  plain preview: 0.168356 0.168356 0.181565 0.18928 0.18928 0.160948 0.166187 0.166187 0.167789 0.172062 0.180978 0.174648 0.171854 0.19276 0.19276 0.164558 0.169857 0.173583 0.169524 0.175039 0.175039 0.173127 0.173127 0.193122 0.193122 0.173077 0.186842 0.178376 0.174976 0.172297 0.164065 0.178564

========== layer1 block 0 ==========
  plain block output: shape(h=56,w=56,c=256)
  plain preview: 0.0645 0.0558257 0 0 0 0 0 0 0 0 0 0.00760863 0.0175242 0.0112244 0.00715053 0.00470526 0.00412348 0.00235554 0.0136906 0.0050875 0.0150851 0.0181839 0.00703398 0.0100199 0.0060673 0.00216142 0.0125847 0.0124646 0.00909002 0.0178406 0.00799508 0.0150399

========== layer1 block 1 ==========
  plain block output: shape(h=56,w=56,c=256)
  plain preview: 0.0260947 0.0470489 0 0 0 0 0 0 0 0 0 0 0 0 0 0 0 0 0 0 0 0.000576039 0 0 0 0 0 0 0 0.00160649 0 0

========== layer1 block 2 ==========
  plain block output: shape(h=56,w=56,c=256)
  plain preview: 0.0145678 0.0512321 0 0 0 0 0 0 0 0 0 0 0 0 0 0 0 0 0.00269658 0 0 0 0 0 0 0 0 0 0 0 0 0

========== layer2 block 0 ==========
  plain block output: shape(h=28,w=28,c=512)
  plain preview: 0.150382 0.0518355 0.0296484 0.0573839 0.0854744 0.0966984 0.117873 0.13362 0.115595 0.13286 0.11734 0.110923 0.108822 0.0963697 0.0991223 0.116502 0.126125 0.128582 0.135454 0.111727 0.114617 0.125713 0.135651 0.124046 0.116642 0.140743 0.148487 0.111156 0.0955557 0.0767793 0.0592103 0.0972694

========== layer2 block 1 ==========
  plain block output: shape(h=28,w=28,c=512)
  plain preview: 0.118462 0.0312412 0.0429336 0.0851363 0.113832 0.108902 0.129724 0.130934 0.0800233 0.125024 0.0800699 0.0769846 0.0935997 0.073441 0.0611568 0.104979 0.112048 0.109814 0.130363 0.0945542 0.103433 0.0921998 0.106067 0.0992099 0.0701914 0.156963 0.186873 0.170242 0.0261451 0.0202735 0 0.0988039

========== layer2 block 2 ==========
  plain block output: shape(h=28,w=28,c=512)
  plain preview: 0.0773351 0 0.0111078 0.0569887 0.0846573 0.0926299 0.10009 0.0987142 0.0506177 0.0851597 0.0399463 0.0340258 0.0496993 0.0263824 0.0220248 0.074926 0.0736512 0.0570113 0.0841261 0.0549283 0.0611887 0.0510835 0.0631363 0.0516021 0.0264832 0.1189 0.156154 0.148271 0 0 0 0.0746124

========== layer2 block 3 ==========
  plain block output: shape(h=28,w=28,c=512)
  plain preview: 0.0576251 0 0 0.0254512 0.038538 0.0454538 0.0606124 0.0437731 0 0.034161 0 0 0 0 0 0.0135026 0.0265829 0 0.018822 0 0 0 0 0 0 0.0957682 0.104068 0.136472 0 0 0 0.010887

========== layer3 block 0 ==========
  plain block output: shape(h=14,w=14,c=1024)
  plain preview: 0 0.0542296 0.0897919 0 0 0 0 0 0.0200905 0.00771627 0.0263607 0 0 0.0231955 0 0.00961394 0 0 0 0 0.0306629 0 0 0 0 0.00118497 0 0 0.0549249 0.0488536 0.0206418 0

========== layer3 block 1 ==========
  plain block output: shape(h=14,w=14,c=1024)
  plain preview: 0 0.00500497 0.0661415 0 0 0 0 0 0 0 0.00469056 0 0 0 0 0 0.0165563 0 0 0 0 0 0 0 0 0 0.00983034 0 0.00925298 0 0.0016458 0

========== layer3 block 2 ==========
  plain block output: shape(h=14,w=14,c=1024)
  plain preview: 0 0.00503071 0.0569465 0 0.000203241 0 0.00178151 0.00573217 0.00417093 0.00473966 0.00618403 0.0029992 0.00103805 0.00523941 0.00596859 0.00353449 0.010814 0 0.000727304 0.00135152 0.00144804 0.00366942 0.00375661 0.00489445 0.00337356 0.00583878 0.0126526 0 0.012824 0 0 0

========== layer3 block 3 ==========
  plain block output: shape(h=14,w=14,c=1024)
  plain preview: 0 0 0.0555739 0 0 0 0 0 0 0 0 0 0 0 0 0 0.0303516 0 0 0 0 0 0 0 0 0 0 0 0 0 0 0.00347278

========== layer3 block 4 ==========
  plain block output: shape(h=14,w=14,c=1024)
  plain preview: 0 0 0.0599721 0.00472984 0.00399115 0 0 0 0 0 0 0.00116911 0.00225704 0.00136041 1.56757e-05 0 0.0286352 0.000622094 0.00245309 0.000315958 0 0 0 0.00190569 0.001997 0.00306044 7.44902e-05 0 0.00426232 0 0 0

========== layer3 block 5 ==========
  plain block output: shape(h=14,w=14,c=1024)
  plain preview: 0 0 0.0295927 0 0 0 0 0 0 0 0 0 0 0.00400465 0 0 0.00789453 0 0 0 0 0 0 0 0.00110303 0.000677105 0 0 0 0 0 0

========== layer4 block 0 ==========
  plain block output: shape(h=7,w=7,c=2048)
  plain preview: 0.0359368 0 0 0 0 0 0.0204436 0 0 0 0 0 0 0 0 0.12794 0 0 0 0 0 0.237206 0 0 0 0 0 0 0.00830036 0 0 0

========== layer4 block 1 ==========
  plain block output: shape(h=7,w=7,c=2048)
  plain preview: 0 0 0 0 0 0 0 0.0748086 0.198308 0.0531698 0 0 0 0 0 0.171344 0 0 0 0 0 0.0827762 0 0 0 0 0 0 0 0 0 0

========== layer4 block 2 ==========
  plain block output: shape(h=7,w=7,c=2048)
  plain preview: 0 0 0 0 0 0 0 0 0 0 0 0 0 0 0 0.0213294 0 0 0 0 0 0 0 0 0 0 0 0 0 0 0 0
  plain average pool output: shape(h=1,w=1,c=2048)
  plain preview: 0.00870589 0 0.301794 0.883319 0.00212896 0 0.180813 0 0.189634 0 0.13694 0 0 0.127865 3.34129 0.0108297 0.328073 0.00508743 0.0180447 0 0 0.0163109 0.0129914 0.00975569 0.0385136 0 0.220439 0 0.014574 0.0776165 0 0
plain logits: -0.617073 -0.369323 -0.109317 0.0466469 0.139804 -0.213639 -0.0817235 -0.687222 0.147234 -0.033112 0.00221219 -0.12851 -0.292069 0.1457 -0.182712 -0.443259 -0.0485106 -0.105721 -0.0445796 -0.117865 -0.12753 -0.0588808 0.442818 -0.308458 -0.0403323 -0.275723 -0.378288 -0.373906 -0.268707 0.0632375 -0.301689 -0.28735 -0.346149 -0.04753 -0.402759 -0.340475 -0.145843 -0.13075 -0.324233 -0.189185 -0.291764 -0.219134 0.246637 -0.078965 0.012122 0.0161517 0.0607194 -0.234964 -0.0382568 -0.182202 -0.234829 -0.336703 -0.059887 -0.507822 -0.202265 -0.366409 -0.122187 -0.150324 -0.118254 -0.22387 -0.283292 0.202781 -0.54195 -0.274918 -0.0965133 -0.109827 0.0514225 0.0413879 -0.0501023 0.276385 -0.15995 -0.0891508 -0.289208 -0.665443 -0.078594 -0.230067 -0.491657 0.0732332 -0.235697 -0.428749 0.0188529 -0.176631 -0.126926 0.0744276 -0.302528 0.0201296 -0.0612672 0.207243 -0.291885 -0.0776795 -0.213547 -0.201639 -0.0981035 -0.173271 -0.344471 -0.0892719 -0.32697 -0.270558 0.291699 0.23278 0.0381775 -0.167777 -0.143218 0.327256 0.0981559 -0.168688 -0.395713 0.193744 -0.330157 0.248562 -0.361403 -0.455591 0.713244 -0.00298156 -0.591634 -0.255606 0.0961215 0.152568 -0.452841 -0.153081 -0.322533 -0.509079 -0.848206 -0.348689 -0.474103 0.0487958 -0.495479 0.148731 0.00571497 -0.124771 -0.289538 -0.15252 0.0772281 -0.229908 -0.20089 -0.193367 0.00752542 0.0608384 0.159471 0.0468848 0.0571773 0.0773696 -0.106591 -0.118845 0.0697565 -0.0693206 -0.212238 -0.203033 -0.0199051 0.120879 0.0530086 1.16262 -0.468081 0.641864 -0.350708 0.0575996 0.688308 -0.118734 -0.483961 0.0452577 -0.120351 0.722648 1.60202 0.606491 0.171048 0.356338 -0.252066 0.0667598 1.01297 0.225612 -0.284892 0.587849 0.729344 0.327484 0.108579 -0.0507229 -0.00733434 -0.351707 0.475004 -0.002041 0.314789 0.150192 0.520916 -0.219924 -0.306961 -0.186611 -0.0832253 -0.167325 -0.0756001 0.614946 -0.138155 0.788871 -0.081459 0.642814 -0.126589 1.03714 0.0255424 0.470187 -0.243159 0.157326 0.00818195 0.678877 0.405826 0.536393 -0.303351 0.102369 -0.0373012 -0.10003 0.460802 -0.234224 -0.183028 0.450356 0.510669 -0.0906152 -0.0638569 0.0441764 0.0146309 0.406131 -0.10183 0.210471 -0.413866 0.0340773 0.634162 0.192491 -0.322248 -0.237547 0.308748 0.174488 -0.0116151 0.416678 -0.300199 0.11867 0.244753 -0.4726 -0.0257452 -0.00880178 0.619516 0.0689153 0.395918 -0.67536 0.639895 0.376067 1.08517 -0.632937 -0.360877 0.838011 0.0577349 -0.175308 0.728587 -0.10745 -0.0706736 0.925421 -0.215266 0.267966 0.704228 -0.25514 -0.119697 0.596132 0.565341 0.418435 -0.253064 0.0400113 -0.555142 0.348529 0.291339 1.0568 0.128436 0.261804 -0.141293 -0.1835 -0.0360232 0.0735385 0.149904 -0.246623 -0.247507 -0.122089 -0.172086 0.186176 -0.285139 0.512 -0.297878 0.326968 -0.0969463 0.201317 0.743025 0.706261 -0.189878 -0.267442 -0.119625 -0.121887 -0.401766 -0.101806 0.265799 -0.411493 -0.0978983 -0.00723084 0.352872 -0.0906154 -0.0365991 -0.379356 -0.376157 0.180897 -0.144076 -0.0471127 0.068605 -0.230951 0.0194534 -0.441834 -0.133512 -0.310931 -0.508952 -0.252026 -0.36695 -0.593366 0.0363139 -0.07085 -0.0340008 -0.128574 0.0530322 -0.345128 -0.246274 -0.177241 -0.0529644 -0.323436 -0.110603 -0.432733 -0.168676 -0.0264723 -0.195468 0.045838 0.203073 0.0353748 0.191373 0.26069 0.310953 -0.348565 -0.0351187 -0.110873 0.964024 -0.0153001 -0.266704 0.173417 -0.344789 -0.233815 -0.0197088 0.162584 -0.0829302 -0.0232728 0.135801 -0.291974 -0.164597 -0.0585853 -0.0668432 0.112152 -0.261073 -0.30261 0.112722 -0.261709 0.507712 0.0575079 -0.171975 -0.342544 0.0059651 -0.0255224 -0.497906 -0.0386186 -0.139878 -0.120102 0.12166 -0.155184 0.00475859 0.00540136 -0.182744 -0.518735 -0.0477306 -0.216149 -0.254607 -0.0843146 -0.347319 0.109337 -0.0563067 -0.222733 0.205254 -0.164685 -0.506893 0.00609323 -0.357419 0.45908 -0.155207 -0.511357 0.112024 -0.423475 -0.20882 -0.160768 -0.384472 -0.403393 -0.228693 -0.227822 0.404301 0.551596 -0.253468 -0.293416 -0.650213 0.0339213 -0.229095 -0.202817 -0.0737038 -0.284843 -0.117027 -0.908061 -0.3256 1.32041 -0.264516 -0.703116 -0.108434 0.384442 -0.253032 -0.119796 0.0287286 -0.0163902 -0.450747 -0.752041 -0.54353 -0.741151 -0.640899 0.0222719 -0.0181752 -0.597121 0.812471 -0.109478 -0.844044 5.53671 -0.602149 -0.502213 0.891399 0.712114 0.111176 0.0192926 -0.192528 0.834497 -0.311944 -0.742385 -0.146754 2.10762 -0.442484 -0.626127 0.612425 0.103385 0.0109302 -0.164902 -0.26467 -0.0271558 0.826272 0.581597 -0.403018 -0.276828 -0.35977 0.516214 -0.269953 -0.252678 0.308073 -0.369052 -0.072579 0.338943 -0.480172 -1.25363 -0.148894 -0.0813313 -0.215919 -0.228158 -0.372336 -0.506108 -0.125184 -0.683064 0.661271 -0.427782 -0.110509 -0.230311 1.76605 -0.694313 0.0479598 -0.204189 -0.248171 -0.0584058 -0.0797408 -0.0481336 -0.748915 -0.53485 -0.481613 -0.241834 -0.451561 -0.763007 1.85216 0.4257 -0.208355 0.606835 1.60015 -0.224408 -0.317714 -0.163338 -0.22284 -0.363959 0.430989 -0.620184 0.263581 -0.695491 -0.521498 -0.519983 0.0522603 -0.451185 0.0273605 -0.354813 -0.554517 -0.387723 -0.284673 -0.142423 6.23315 -0.258206 -0.350358 1.15035 6.44536 0.131541 -0.287377 1.02165 -0.223866 -0.193187 0.000240096 -0.33275 -0.211493 3.8499 -0.440876 -0.824586 -0.175941 1.23847 -0.277031 -0.728057 -0.0711045 -0.108667 -0.511341 -0.0709077 -0.129253 -0.830695 -0.647846 -0.126373 -0.0638806 0.465121 -0.565443 -0.275562 -0.394707 0.813986 -0.418821 -0.667635 0.0298862 -0.0662382 -0.180958 -0.115908 -0.120808 -0.0694582 -0.528089 0.0199855 0.133213 -0.0694073 0.0424659 -0.311629 2.06467 -0.220908 -0.567572 -0.322063 -0.835059 0.145632 -0.83547 -0.439993 -0.383411 -0.714492 0.507568 -0.0900536 0.0810573 -0.147247 -0.045324 -0.425851 -0.258631 -0.273593 0.395449 -0.23842 0.251433 -0.477795 -0.218475 -0.0649572 2.09448 0.712104 -0.029191 0.571347 -0.0611627 -0.173515 -0.16327 -0.0271233 0.207888 -0.518896 -0.00662659 -0.165345 -0.00331084 0.27542 -0.0669078 -0.0451397 -0.355961 -0.0363547 0.67131 -0.591457 0.724806 -0.230647 -0.356231 0.0604591 -0.305544 -0.230684 -0.639731 0.309785 -0.152249 -0.360131 -0.584939 0.430492 0.854411 -0.323086 -0.562671 0.169979 0.0679196 -0.161588 -0.283726 -0.605399 -0.026854 -0.887891 -0.538726 0.352539 -0.118845 -0.0101938 -0.43952 -0.579908 0.341974 -0.489619 0.672776 0.35425 -0.286513 0.748876 -0.432619 -0.00874825 -0.277322 -0.711635 -0.374278 0.0443378 -0.416914 0.309032 -0.111515 0.000707603 -0.145554 -0.0233379 0.0368332 0.123314 0.307138 -0.167071 0.831265 0.340358 0.146575 -0.284698 -0.717569 0.191762 -0.0293523 -0.22241 0.899922 0.892423 0.153125 2.18392 -0.874312 0.118038 0.0864199 0.165752 0.295011 0.690107 -0.272027 -0.0655604 1.22716 0.319898 2.59891 1.00566 0.0677806 -0.259723 0.316924 -0.273684 -0.65208 -0.592272 -0.748136 -0.457123 -0.126544 0.94287 -0.65007 0.32885 -0.108621 -0.821192 0.208139 2.56672 -0.346789 0.364652 0.948213 -0.0980556 -0.335499 -0.138944 -0.879846 -0.170862 -0.853261 -0.412457 -0.416951 0.530697 -0.916627 0.0293635 -0.261716 0.404969 -0.227796 -0.626129 -0.0556858 0.121333 -0.161389 0.767708 0.0645351 3.17717 0.189256 -0.294585 -0.299568 0.049338 -0.00600311 -0.0790169 0.453326 -0.444801 -0.110503 0.457217 -0.392859 -0.41899 -0.496472 0.725766 -0.716921 -0.456189 -0.980364 -0.637402 -0.135904 0.499706 -0.417978 0.108622 -0.394524 -0.278209 -0.800278 -0.469328 0.986609 0.0699326 4.82362 -0.198714 -0.333032 0.549006 0.109769 -0.109956 -0.870946 -0.114276 -0.471727 -0.598334 -0.283642 0.56007 -0.666795 -0.713648 -0.287109 1.43283 -0.319621 0.016595 -0.429106 -0.143202 -0.43383 0.71705 0.0728809 -0.401488 -0.608699 -0.230209 -0.10087 -0.170388 2.35301 0.156508 0.0802361 -0.00734199 -0.479831 -0.268497 -0.0978075 1.08912 0.531429 -0.371598 -0.447032 0.293306 -0.0722784 0.287774 0.0830274 0.714216 0.200414 -0.520059 -0.500249 3.54804 -0.046282 -0.0194347 -0.523275 -0.223866 -0.28129 -0.214283 -0.234133 0.139089 0.0236133 -0.472385 -0.197976 0.0661514 -0.420912 0.700363 0.645075 -0.090818 -0.00760828 -0.155331 -0.380058 -0.0661306 -0.434651 -0.437386 -0.1308 0.214407 -0.738708 0.964028 -0.343191 -0.051435 -0.283073 0.08951 -0.0195151 -0.410006 0.858527 3.56571 -0.0766314 0.00882106 0.258196 -0.462068 -0.709759 0.535762 -0.503309 -0.280268 -0.489883 0.748094 -0.229598 0.380031 -0.330141 0.585085 -0.0154614 -0.210865 -0.525529 -0.00996057 2.83778 0.993887 0.0477879 -0.362018 -0.016836 -0.01902 -0.30708 0.656864 0.0395724 0.170844 -0.724702 0.373892 -0.203703 -0.190756 -0.569021 1.02997 -0.241892 -0.459932 0.276359 -0.400164 -0.700501 -0.0523896 0.227625 -0.0660577 -0.110312 -0.238693 1.01498 -0.487802 -0.583771 0.0303182 -0.669057 -0.0574271 0.394599 -0.0691847 -0.00110078 0.759119 -0.741342 -0.225437 0.0520918 -0.815804 -0.801333 -0.480402 0.237744 0.0585755 1.54527 0.0833778 0.257579 0.546878 -0.00108438 -0.732043 -0.0662689 -0.450192 -0.191604 0.104244 0.00287368 0.165989 -0.698719 -0.324408 -0.06255 0.318685 1.44464 1.18365 -0.446724 -0.0992962 -0.223554 -0.00450355 -0.25175 -0.495431 0.186021 -0.271551 -0.262301 0.5309 -0.733261 -0.485309 -0.328164 -0.919543 0.0363791 -0.830526 0.300947 -0.342529 -0.111162 0.0738158 -0.0121568 -0.688094 -0.157947 -0.0391024 -0.00152751 0.270382 2.51816 -0.160456 -0.375728 -0.0405438 -0.00248914 0.0328807 -0.121389 -0.482153 0.0670604 1.24957 0.259631 -0.395708 -0.282337 -0.248253 -0.114889 -0.504404 -0.313513 -0.0691719 0.1947 -0.326122 -0.0950129 -0.412892 -0.664698 1.05414 -0.100487 -0.0687934 -0.0600616 -0.32555 -0.426773 -0.485226 0.142158 -0.0315345 0.0127901 -0.402442 0.2525 0.205287 0.0698087 -0.170791 0.260939 0.0147671 0.00888395 0.230423 0.245938 -0.350499 -0.0994607 -0.0758396 -0.12136 -0.188864 -0.292277 0.378741 -0.330778 -0.343356 -0.353316 0.274849 0.481645 0.714454 0.102691 0.454514 0.96119 1.20968 0.357383 0.231879
image label: 516
plain predicted label: 520
image time : 39760 ms
