image_id: 0
log_file: "/home/guoshuai/github/poseidon/Trident/resnet50/result/resnet50_plain_image0_20260709_201659.txt"
plain_relu_reference: relu
stem_pool_mode: avgpool
  plain input: shape(h=224,w=224,c=3)
  plain preview: 0.0473714 0.0413777 0.0319591 0.0259654 0.0216842 0.0182593 0.0182593 0.020828 0.0242529 0.0148343 0.0328153 0.035384 0.0242529 0.0114094 -0.015134 -0.0134215 -0.00485915 -0.00229044 -0.00400291 -0.0014342 0.00627194 0.0182593 0.0396652 0.0593587 0.0644961 0.0619274 0.0644961 0.0627836 0.0627836 0.0636399 0.0627836 0.0619274

========== Stem ==========
stem pool mode: avgpool
  plain stem output: shape(h=56,w=56,c=64)
  plain preview: 0.0778535 0.097166 0.104112 0.0936947 0.0927282 0.101984 0.0980694 0.0979322 0.0995863 0.102353 0.101385 0.100587 0.100354 0.0988438 0.102409 0.101898 0.103814 0.0975207 0.101043 0.102311 0.101158 0.0994302 0.0995561 0.101559 0.099914 0.0986337 0.102364 0.100135 0.100889 0.102808 0.0999009 0.0994103

========== layer1 block 0 ==========
  plain block output: shape(h=56,w=56,c=256)
  plain preview: 0.0794209 0.0347202 0.0519032 0.0495628 0.0414503 0.0215734 0.0108264 0.0143064 0.0217099 0.0225394 0.0231889 0.0227496 0.021975 0.0200928 0.0188329 0.0148374 0.0146454 0.0180464 0.0264483 0.0423928 0.0534422 0.0500473 0.0452828 0.0407795 0.0362839 0.0281827 0.0248416 0.0214706 0.0192257 0.0178298 0.0211417 0.0205297

========== layer1 block 1 ==========
  plain block output: shape(h=56,w=56,c=256)
  plain preview: 0.0338448 0 0.014249 0.0140456 0.00395513 0 0 0 0 0 0 0 0 0 0 0 0 0 0.000935474 0.0164519 0.0271183 0.0200245 0.0138218 0.0113931 0.00829543 0.000716596 0 0 0 0 0 0

========== layer1 block 2 ==========
  plain block output: shape(h=56,w=56,c=256)
  plain preview: 0 0 0 0 0 0 0 0 0 0 0 0 0 0 0 0 0 0 0 0 0 0 0 0 0 0 0 0 0 0 0 0

========== layer2 block 0 ==========
  plain block output: shape(h=28,w=28,c=512)
  plain preview: 0 0 0 0 0 0 0 0 0 0 0 0 0 0 0 0 0 0 0 0 0 0 0 0 0 0 0 0 0.0475425 0.316519 0.294335 0.260632

========== layer2 block 1 ==========
  plain block output: shape(h=28,w=28,c=512)
  plain preview: 0 0 0 0 0 0 0 0 0 0 0 0 0 0 0 0 0 0 0 0 0 0 0 0 0 0 0 0 0 0.326622 0.246194 0.23475

========== layer2 block 2 ==========
  plain block output: shape(h=28,w=28,c=512)
  plain preview: 0 0 0 0 0 0 0 0 0 0 0 0 0 0 0 0 0 0 0 0 0 0 0 0 0 0 0 0 0 0.262646 0.175235 0.181126

========== layer2 block 3 ==========
  plain block output: shape(h=28,w=28,c=512)
  plain preview: 0 0 0 0 0 0 0 0 0 0 0 0 0 0 0 0 0 0 0 0 0 0 0 0 0 0 0 0 0 0.172202 0.0460949 0.117633

========== layer3 block 0 ==========
  plain block output: shape(h=14,w=14,c=1024)
  plain preview: 0.0393487 0.0362366 0.0394771 0.0805463 0.0723595 0.111352 0.115239 0.1188 0.0958702 0.0982658 0.097955 0.105341 0.111575 0.103451 0 0.00590237 0.0397855 0.00555477 0.00975382 0 0.016751 0.0248692 0.0159721 0.0364282 0.0484627 0.060708 0.022801 0.0474527 0 0 0 0.00110285

========== layer3 block 1 ==========
  plain block output: shape(h=14,w=14,c=1024)
  plain preview: 0 0 0 0 0 0.0179324 0.025106 0.0298491 0.0270958 0.0187694 0.00564756 0.00888815 0.0162781 0.00273806 0 0 0.0129829 0 0 0 0 0.0202576 0 0.0107038 0.0231886 0.0393682 0 0.0161409 0 0 0 0

========== layer3 block 2 ==========
  plain block output: shape(h=14,w=14,c=1024)
  plain preview: 0 0 0.000874729 0 0 0.0166429 0.025895 0.0318367 0.0263078 0.0172704 0.00810607 0.0122486 0.0185551 0.00465261 0.00192116 0 0.0155697 5.47133e-05 0 0.000841676 0.000308759 0.0216072 0 0.00870827 0.0235848 0.0409043 0.00255037 0.0185028 0 0 0.000409958 0.000482491

========== layer3 block 3 ==========
  plain block output: shape(h=14,w=14,c=1024)
  plain preview: 0 0 0 0 0 0 0 0 0 0 0 0 0 0 0 0 0.000440045 0 0 0 0 0 0 0 0.0170057 0.043862 0 0 0 0 0 0

========== layer3 block 4 ==========
  plain block output: shape(h=14,w=14,c=1024)
  plain preview: 0 0 0 0 0 0 0 0 0 0 0 0 0 0 0 0.00210606 0.00420522 0.00217999 0.0014071 0 0 0 0 0 0.0191271 0.0443347 0 0 0 0.00122389 0.00153917 0.00151102

========== layer3 block 5 ==========
  plain block output: shape(h=14,w=14,c=1024)
  plain preview: 0.00332331 0 0 0 0 0 0 0 0 0 0 0 0.00418041 0 0 0.0055831 0 0.00261146 0 0 0 0 0.000414801 0 0.0156017 0.0382113 0.00286636 0 0 0 0 0.00461923

========== layer4 block 0 ==========
  plain block output: shape(h=7,w=7,c=2048)
  plain preview: 0 0 0 0 0 0 0 0 0 0 0 0 0 0 0 0.313771 0.255738 0.296583 0.278748 0 0.0418879 0 0.131206 0.0968689 0.032317 0 0 0 0 0 0 0

========== layer4 block 1 ==========
  plain block output: shape(h=7,w=7,c=2048)
  plain preview: 0 0 0 0 0 0 0 0 0 0 0 0 0 0 0 0.171161 0.137417 0.259339 0.112064 0 0 0 0.0753173 0.114881 0.0601228 0 0 0 0 0 0 0

========== layer4 block 2 ==========
  plain block output: shape(h=7,w=7,c=2048)
  plain preview: 0 0 0 0 0 0 0 0 0 0 0 0 0 0 0 0.00848742 0 0.0866663 0 0 0 0 0 0 0 0 0 0 0 0 0 0
  plain average pool output: shape(h=1,w=1,c=2048)
  plain preview: 0.0388382 0.0699316 0 0 0 0.0269403 0 0 0 0 0.166958 0 0 0 0 0 0.0179007 0 0 0.465768 0.0285343 0 0 0 0.0284168 0 0 0.171236 0.0705318 0 0.00919294 0.535048
plain logits: 0.0598054 -0.112663 -0.379276 -0.283389 0.0941098 1.83333 -0.365144 -0.651741 -0.848996 -0.0755531 0.14312 -0.647028 -0.76386 -0.50152 -0.676596 -0.631078 -0.470692 -0.377661 -0.72443 -0.672142 -0.424338 0.193126 0.116103 -0.657241 -0.544778 0.548801 4.03004 2.48223 1.26934 2.1725 -0.432428 -0.216274 0.654177 0.942309 1.69076 -0.496468 0.604972 -0.660415 4.67748 -0.277662 -0.0612201 2.5796 1.4299 1.6742 1.93042 0.408357 -0.260222 0.949108 -0.212438 0.752075 0.0541769 0.168026 2.24514 3.49128 2.89891 -1.01873 0.886558 1.39952 2.71325 1.49399 3.93662 1.74415 5.81228 3.03368 0.707889 3.95072 4.3274 1.43918 4.50171 -0.292629 0.060155 1.93814 -0.144848 1.49068 -0.624263 -0.0841323 0.104022 -0.061895 1.41055 1.45335 0.225484 -0.775896 -0.296703 -0.438578 -0.371573 -0.523795 -0.335824 0.144163 -0.679664 -0.442641 -0.609007 -0.461217 -0.620101 -1.03011 -0.346594 -0.275302 -0.600253 -0.518293 1.17006 0.159652 -0.0363072 0.144513 -0.326363 2.08527 0.432716 -0.747978 -0.249046 0.114311 -0.739052 -0.488463 0.117947 1.92826 -0.201267 -0.361774 0.506072 -0.48401 -0.163674 0.569777 0.0145039 -0.163082 0.0502099 -0.366877 0.510001 -0.574977 -0.244351 0.543663 0.303441 -0.81569 0.697673 0.166866 -0.101799 -0.0614835 -0.202011 -0.316893 -0.503441 -0.0627196 -0.311497 0.0505284 -0.563945 0.332659 0.503575 -0.325704 0.673198 0.384094 -0.421247 -0.144832 -0.191931 1.40725 0.531356 0.136429 0.326686 -0.159677 -0.0210622 0.247195 0.46431 -0.294955 -0.391615 -0.0689337 0.889114 0.145931 0.414774 0.059884 -0.292342 0.00142138 0.563095 0.14433 0.378724 -0.428858 1.35891 -0.113141 -0.0957824 0.136786 -0.296674 0.0167584 0.19673 0.14073 0.0961887 0.39207 -0.151102 -0.239592 0.050934 0.168493 0.134452 -0.0063477 -0.314751 0.314828 -0.345931 0.164266 -0.046593 -0.53191 0.425757 -0.0853414 -0.475402 -0.523594 0.609578 -0.113277 0.0171144 0.204089 -0.0708931 0.0605801 -0.229638 -0.598183 -0.131935 -0.00457469 -0.0801195 -0.027252 0.650719 0.504589 0.33886 -0.0654434 0.233464 -0.275113 -0.205794 -0.171599 -0.12706 0.0316838 0.0354792 0.187149 0.250102 -0.374095 0.207615 -0.0388626 -0.54108 0.263313 0.222243 -0.0404363 0.282862 0.509035 -0.0592299 -0.00259818 -0.13042 -0.0795867 0.232182 -0.698962 0.0167277 0.230055 0.0600907 -0.135936 0.194031 0.0736069 -0.753303 0.706888 -0.380416 -0.25288 -0.20655 -0.229854 -0.595447 0.182666 -0.229034 0.374132 -0.0172744 -0.258661 0.523364 0.107133 -0.15868 -0.28713 -0.158129 -0.147404 0.088101 -0.240864 -0.122824 -0.35261 0.262188 0.338713 0.163707 -0.128029 0.268406 -0.246627 0.681602 -0.368796 -0.389185 -0.716423 -0.500726 0.575229 0.407864 -0.0925898 -0.0774897 -0.678178 0.463796 0.403226 0.887575 -0.0853714 -0.235747 0.15966 0.193265 0.692021 -0.261306 -0.62053 -0.0499475 -0.44849 -0.425399 -0.126486 0.122371 -0.11321 0.170855 -0.527482 0.171533 -0.134454 0.718772 -0.350056 -0.0631457 -0.0601894 0.276767 1.04326 -0.879416 -0.479631 -0.0195798 -0.255304 -0.301132 -0.484911 0.661037 0.0385054 -0.0474719 -0.58979 0.743797 0.336246 0.170316 -0.0495164 0.672212 -0.26948 -0.402009 -0.793679 -0.423478 -0.51942 -0.809731 -0.535316 -0.350253 0.757589 -0.409581 0.0296951 -0.0890667 -0.074626 -0.213327 -0.396857 0.0145456 1.82002 -1.31964 0.619079 -0.406706 0.0159586 -0.485155 -0.221656 0.289458 -0.793644 0.195355 -0.0905901 0.396751 -0.450079 -0.992929 -0.151946 0.139565 0.582344 -0.525966 0.441556 0.267914 -0.471395 0.166324 0.432666 0.878274 0.855571 0.338001 0.293224 0.0332937 0.177821 -0.118778 -0.119438 -0.0128475 -0.0912878 -0.150029 -0.274012 -0.264887 0.689481 -0.261435 -0.251314 -0.257072 -0.197846 -0.14038 -0.0766381 0.420719 -0.623011 0.129403 -0.0496357 0.044403 0.030363 0.177455 -0.154096 0.151574 -0.146533 -0.74962 0.583756 1.73239 0.380376 0.227216 -0.511407 0.280337 0.936128 -0.53628 0.151887 -0.180822 0.125518 -0.141434 -0.393562 -0.533464 -0.275572 0.243034 -0.0873379 -0.540339 -0.554723 0.30185 0.531586 0.256621 -0.780177 -0.108914 1.23282 -0.739908 -0.386985 -0.170904 -0.62854 0.723568 0.0292061 -0.635545 -0.294522 0.00302721 -0.324003 -0.529417 -0.585593 0.127618 0.237511 -0.660315 -0.0286737 0.0555854 -0.288147 0.1985 -0.456539 -0.540257 -0.386588 -0.418773 -0.195002 0.41223 0.0918501 0.0619084 -0.512158 -0.443194 0.104819 -0.404553 -0.207065 0.0962959 -0.248999 -0.50446 -0.162976 -0.515107 1.2154 -0.0839848 -0.407901 -0.548308 0.295936 -0.162379 -0.599307 -0.315345 -0.850236 -0.541638 -0.360301 -0.279857 0.125747 0.141309 0.319477 -0.589166 -0.567611 -0.280506 -0.361914 -0.468216 -0.439486 -0.218961 1.57365 -0.295538 -0.410007 -0.861193 -0.00317812 0.0156181 -0.285812 -0.320314 0.507281 0.506689 -0.147939 -0.288713 -0.0721712 -0.0826575 0.125947 2.17879 -0.799341 0.635324 0.806446 -0.409228 0.448992 0.212804 -0.533511 -0.311463 -0.37685 -0.554663 0.948503 -0.672181 0.0449542 0.215 0.252532 -0.288586 -0.470958 0.642219 0.865907 -0.206714 -0.378292 0.333904 -0.417996 0.497688 -0.275108 0.0333277 -0.436481 -0.171517 -0.26072 -0.55264 -0.0236095 -0.250685 0.0507498 0.118725 -0.305519 -0.480528 -0.533131 -0.296075 0.20407 0.0434419 0.0868225 0.331365 -0.0208151 -0.312727 -0.19847 0.0524971 -0.318521 -0.105087 -0.577748 -0.316624 0.440853 -0.138473 -0.273588 0.248115 -0.0563768 -0.0358177 -0.0681947 -0.0249417 -0.499697 -0.520086 0.379474 0.357169 0.335764 -0.433656 0.043052 -0.281083 -0.454065 0.268097 -0.302448 0.403726 0.192715 -0.631723 -0.437026 -0.549177 -0.0650983 -0.68137 -0.470226 -0.574507 0.80208 -0.208769 -0.492686 -0.130862 -0.304846 -0.511233 -0.223044 0.0969704 -0.53076 -0.202384 0.359628 -0.656992 -0.465244 -0.756863 -0.5488 -0.593537 0.31744 1.4208 0.00300957 -0.047975 0.148531 0.358626 0.343079 0.235473 -0.248018 -0.0882833 0.447876 -0.343153 -0.501251 0.467698 -0.48077 -0.102503 -0.418241 2.96199 -0.432905 -0.178902 -0.438209 0.439385 -0.230578 0.58899 -0.342002 -0.465968 -0.495874 0.159409 0.0343407 -0.302246 0.471592 -0.801079 0.190004 1.8169 -0.129779 0.241476 -0.386291 0.426724 -0.762878 -0.0172695 1.50855 -0.650869 0.00572798 0.406559 -0.138684 0.0497113 0.523832 0.481425 0.423613 0.133491 0.798774 -0.639104 0.579397 -0.624998 -0.169544 -0.171788 0.671099 -0.176343 0.779856 -0.218261 -0.763519 0.685261 -0.559503 0.033075 0.110923 -0.020899 -0.706331 -0.146245 0.124446 -0.187011 0.709497 -0.348199 -0.225397 -0.427263 -0.140235 0.0539524 -0.17007 0.0779554 -0.409087 0.502212 0.0536342 -0.487755 -0.24177 -0.0655341 -0.270567 -0.33684 -0.32172 -0.498937 0.0195776 -0.533858 0.22699 1.83684 0.23907 0.770387 1.81427 0.0418418 -0.19682 0.954316 0.498708 -0.196604 0.354404 0.82072 -0.380522 0.834502 -0.422683 -0.2966 -0.460751 -0.414338 -0.244985 -0.622034 0.452881 -0.175939 0.245991 -0.465817 -0.397865 -0.186824 0.450487 0.0943101 0.0609424 0.26452 -0.341762 -0.303837 -0.0187502 -0.202141 -0.193566 0.447961 0.000466582 -0.648144 -0.322287 0.225143 -0.0349561 0.916063 0.161813 -0.570398 -0.513023 -0.179889 -0.0287831 0.728937 -0.255678 0.442469 -0.532377 0.0683808 -0.560248 0.482078 -0.193467 -0.349401 0.915186 -0.335836 0.669397 0.0344442 -0.441159 -0.297323 -0.375073 -0.436192 -0.549191 0.105985 -0.132646 1.16372 -0.0668743 -0.177832 -0.127985 -0.170558 -0.326702 0.00505708 0.536638 -0.0328473 0.138572 -0.529218 -0.2794 -0.213842 0.137608 -0.0562593 -0.419581 -0.52303 -0.514403 0.490073 0.140909 -0.401733 0.332284 -0.764753 1.35136 -0.407443 -0.733893 -0.218637 0.385975 -0.610596 0.776982 0.270572 0.22475 2.22617 -0.26918 -0.188402 -0.300472 -0.219591 0.034741 -0.398268 -0.277454 -0.164732 -0.110785 0.315902 0.685432 0.267789 -0.670269 -0.264212 -0.676762 -0.372338 -0.0758107 0.791469 -0.371223 0.337846 -0.251821 -0.761092 -0.173131 -0.0671698 0.186792 0.254652 -0.532166 -0.441587 -0.156052 -0.637533 -0.167481 0.616195 -0.191217 -0.0832635 -0.282791 -0.516536 -0.536426 0.460937 0.908363 0.113656 1.74682 0.349915 -1.24767 -0.060198 -0.067541 0.506894 -0.447026 -0.361525 0.14162 -0.436973 0.205386 -0.6264 -0.661167 0.532617 -0.314256 0.180688 -0.63421 0.203158 0.330363 -0.58439 0.0383259 -0.158287 -0.506769 0.1112 -0.0596192 0.0924695 -0.424757 -0.0477848 0.478365 -0.217273 -0.375032 0.75195 0.470232 0.750365 -0.729218 -0.201481 -0.597364 -0.57341 -0.113423 0.129255 -0.583817 -0.114422 0.779476 0.571934 -0.471765 -0.609147 -0.0686813 -0.290452 -0.255686 -0.202785 -0.760146 -0.646129 -0.74297 -0.524069 -0.232195 -0.775008 -0.211739 -0.47799 -0.0457452 0.601197 0.018618 -0.425406 -0.0926657 -0.671427 -0.199113 -0.0271899 -0.335685 -0.314777 0.144835 0.752486 0.0708521 -0.932552 -0.616168 -0.766098 -0.613864 -0.510883 -0.590816 -0.176757 0.580099 -0.00532099 -0.170534 0.0743248 -0.437444 0.0785718 -0.129473 0.149401 0.177479 -0.402351 0.0718509 0.861161 -0.555909 -0.352342 -0.200014 0.426783 -0.402068 -0.510087 -1.19104 -0.0612015 -0.217003 0.472177 0.128767 0.539729 -0.43102 0.159973 -0.0643707 -0.255201 -0.478561 -0.46128 -0.284114 -0.295799 -0.77766 -0.613698 -0.356217 -0.495906 -0.536583 -0.983759 -0.44395 0.152124 -0.437086 0.121779 -0.229594 -0.899337 -0.603432 -0.529009 -0.431085 -0.501147 -0.505216 -0.350052 -0.760642 -0.395345 -0.157033 -0.516025 -0.33366 -0.30439 -0.563052 -0.527176 -0.361332 -0.418076 -0.173091 -0.135376 -0.876599 -0.602239 -0.356968 -0.166882 -0.358513 -0.684979 -0.383923 -0.202495 0.109959 -0.639286 -0.37023 0.517632 -0.51965 -0.297896 -0.113291 -0.0636265 0.521543 -0.408247 -0.503284 -0.248069 -1.09053 -0.453999 0.0374681 0.0578279 1.03515 0.534387 -0.494456 -0.641452 -0.190442 -0.199881 -0.511796 -0.448835 -0.345853 -0.351926 -0.532855 -0.356767 -0.509727 -0.657629 -1.19325 -0.765824 -0.50913 -0.718067 -0.424094 0.129667 -0.107345 -0.163129 -0.190313
image label: 65
plain predicted label: 62
image time : 38909 ms
