image_id: 8
log_file: "/home/guoshuai/github/poseidon/Trident/resnet50/result/resnet50_plain_image8_20260709_202017.txt"
plain_relu_reference: relu
stem_pool_mode: maxpool
  plain input: shape(h=224,w=224,c=3)
  plain preview: 0.0276779 0.0276779 0.0259654 0.0259654 0.0276779 0.0268216 0.0259654 0.0293904 0.0319591 0.0293904 0.0285341 0.0268216 0.0259654 0.0233967 0.0225405 0.0216842 0.0225405 0.0199717 0.0182593 0.0165468 0.0139781 0.00969689 0.0054157 0.00113451 -0.00400291 -0.00485915 0.00370323 0.0182593 0.0379527 0.053365 0.0704898 0.0807646

========== Stem ==========
stem pool mode: maxpool
  plain stem output: shape(h=56,w=56,c=64)
  plain preview: 0.210311 0.173163 0.173163 0.159784 0.159038 0.159548 0.157539 0.16264 0.162925 0.161128 0.169834 0.169834 0.159035 0.160852 0.160852 0.157213 0.168916 0.168403 0.16373 0.159306 0.162392 0.162392 0.160822 0.160426 0.158286 0.158989 0.159788 0.158649 0.161274 0.161274 0.162435 0.170963

========== layer1 block 0 ==========
  plain block output: shape(h=56,w=56,c=256)
  plain preview: 0.0161508 0.00898439 0.0123678 0.0116081 0.0118465 0 0 0 0 0 0 0 0.0439532 0.0514192 0.0506393 0.0404999 0.0379274 0.0352238 0.05036 0.0473329 0.0348767 0.0391524 0.0270454 0.0463846 0.0757157 0.0757796 0.0536468 0.0554115 0.0773166 0.00312942 0.00818381 0

========== layer1 block 1 ==========
  plain block output: shape(h=56,w=56,c=256)
  plain preview: 0 0 0 0.0102361 0.0135485 0 0.00251501 0 0.00781149 0.0145287 0 0 0.0291039 0.0346811 0.0321953 0.0241297 0.0171641 0.0147572 0.0274834 0.0297028 0.0116184 0.0188264 0.0162147 0.0449373 0.064624 0.0809749 0.0535356 0.0553702 0.0680377 0 0 0

========== layer1 block 2 ==========
  plain block output: shape(h=56,w=56,c=256)
  plain preview: 0 0.0185073 0.00147933 0.0152636 0 0 0 0 0 0 0 0 0.0132582 0.0310349 0.0138885 0.0147084 0.0177543 0.00175853 0.0189429 0.0145685 0 0.0200771 0.002462 0.041951 0.0616008 0.0876876 0.0557473 0.0717615 0.0818348 0 0 0.00741204

========== layer2 block 0 ==========
  plain block output: shape(h=28,w=28,c=512)
  plain preview: 0.134042 0.150155 0.205011 0.299225 0.266194 0.220381 0.204028 0.205533 0.209565 0.183539 0.154373 0.205971 0.271389 0.236018 0.188981 0.226438 0.20944 0.214834 0.319158 0.172446 0.234708 0.255219 0.252983 0.192068 0.237867 0.220346 0.209107 0.277849 0.142117 0.166778 0.274036 0.214451

========== layer2 block 1 ==========
  plain block output: shape(h=28,w=28,c=512)
  plain preview: 0.0289826 0.101347 0.153058 0.265782 0.231067 0.150819 0.142752 0.146352 0.123284 0.118143 0.069754 0.153217 0.218913 0.176422 0.105898 0.175174 0.182654 0.210902 0.330036 0.143167 0.144219 0.174773 0.206923 0.0963395 0.177104 0.165415 0.129698 0.236874 0.0656962 0.119949 0.234594 0.163709

========== layer2 block 2 ==========
  plain block output: shape(h=28,w=28,c=512)
  plain preview: 0 0.0589549 0.108402 0.222368 0.174159 0.124187 0.117151 0.115908 0.0808827 0.077541 0.031155 0.120657 0.186577 0.136791 0.0606056 0.13111 0.124194 0.150563 0.300586 0.117465 0.1051 0.142679 0.164369 0.0559897 0.11177 0.0954623 0.0885228 0.186667 0.0248956 0.0948021 0.186701 0.099876

========== layer2 block 3 ==========
  plain block output: shape(h=28,w=28,c=512)
  plain preview: 0 0.0208277 0.0414828 0.186047 0.163859 0.0559295 0.0204452 0.0276623 0.000185759 0.0105828 0 0.128241 0.169349 0.0851586 0.0424626 0.100537 0.0152216 0.0779195 0.272542 0.0611736 0.0255031 0.0716463 0.0740146 0 0.0319923 0 0.00997068 0.121733 0 0.0730005 0.179377 0.0909939

========== layer3 block 0 ==========
  plain block output: shape(h=14,w=14,c=1024)
  plain preview: 0.182819 0.208662 0 0 0 0 0 0 0 0.282629 0.288062 0.184286 0.22408 0.188532 0.0954684 0 0 0 0 0 0.00877426 0.0512341 0 0 0.0439526 0.0916111 0.221594 0.211012 0 0 0 0

========== layer3 block 1 ==========
  plain block output: shape(h=14,w=14,c=1024)
  plain preview: 0.121587 0.200297 0 0 0 0 0 0 0 0.23644 0.233325 0.165356 0.124929 0.0978773 0.123911 0.034826 0 0 0 0 0 0 0 0 0.0304543 0.163739 0.252228 0.181865 0.0136566 0 0 0

========== layer3 block 2 ==========
  plain block output: shape(h=14,w=14,c=1024)
  plain preview: 0.121318 0.202894 0.0129355 0 0.00371476 0.00888398 0.00356979 0 0.00289764 0.238554 0.233946 0.161827 0.120456 0.0903258 0.125444 0.0352809 0 0 0 0.00723162 0.014638 0.020398 0.00410118 0.000221189 0.028355 0.165844 0.249797 0.176347 0.0180182 0.00472141 0 0

========== layer3 block 3 ==========
  plain block output: shape(h=14,w=14,c=1024)
  plain preview: 0.105853 0.185023 0 0 0 0 0 0 0 0.187691 0.207898 0.14153 0.0704985 0.00952892 0.0953932 0 0 0 0 0 0 0 0 0 0 0.125609 0.186208 0.12568 0 0 0 0

========== layer3 block 4 ==========
  plain block output: shape(h=14,w=14,c=1024)
  plain preview: 0.112337 0.18667 0.000525486 0 0.00138259 0 0 0 0 0.186626 0.208397 0.142121 0.0655278 0 0.0978757 0.000866321 0 0 0.000269665 0 0 0 0 0 0.00278756 0.127414 0.18554 0.123735 0 0 0 0

========== layer3 block 5 ==========
  plain block output: shape(h=14,w=14,c=1024)
  plain preview: 0.12249 0.191912 0 0 0 0 0 0 0 0.177886 0.20237 0.13176 0.0503786 0 0.109622 0 0 0 0 0.00103541 0 0 0 0 0 0.111943 0.167051 0.086717 0 0 0 0

========== layer4 block 0 ==========
  plain block output: shape(h=7,w=7,c=2048)
  plain preview: 0 0 0 0 0 0 0 0 0 0.0129495 0 0 0 0 0 0 0 0 0 0 0 0 0 0 0 0 0 0 0 0 0 0

========== layer4 block 1 ==========
  plain block output: shape(h=7,w=7,c=2048)
  plain preview: 0 0 0 0 0 0 0 0 0 0 0 0 0 0 0 0 0 0 0 0 0 0 0 0 0 0 0 0 0 0 0 0

========== layer4 block 2 ==========
  plain block output: shape(h=7,w=7,c=2048)
  plain preview: 0 0 0 0 0 0 0 0 0 0 0 0 0 0 0 0 0 0 0 0 0 0 0 0 0 0 0 0 0 0 0 0
  plain average pool output: shape(h=1,w=1,c=2048)
  plain preview: 0 0 0.0210176 0 0 0.0509746 0.0960718 0 0 0.44231 0.0987236 0.222463 0.277635 0.00285914 0 0.00959371 0 0 0 0.0423636 0 0 0 0 0.0212176 0.139271 0 0 0.000169214 0.0645182 0 0
plain logits: -0.261788 0.0242373 0.419135 0.204773 0.0032835 0.340061 0.251161 0.100549 0.417812 0.303439 0.336835 0.15044 0.935589 0.762578 0.343155 0.0506609 0.0419884 0.363472 0.443849 0.268981 -0.0855578 -0.0132446 -0.159605 0.185234 0.086368 -0.334642 -0.299307 0.198774 -0.216886 0.364851 0.0437033 0.403851 0.0932322 0.0279882 -0.221003 -0.488523 0.0142421 -0.35545 -0.187035 -0.242339 0.917916 -0.575819 -0.170555 -0.136467 0.23168 -0.320084 0.325285 0.246135 -0.208172 -0.431258 -0.365194 -0.320028 -0.100208 -0.236694 0.224407 0.0767273 -0.0870543 -0.135296 -0.421161 0.0124385 0.290056 -0.0801765 -0.377284 0.0100023 0.0679285 -0.0193078 0.166646 -0.411515 -0.226454 0.0524691 -0.168247 -0.373755 0.256912 0.398833 0.638504 0.14134 -0.137874 0.263221 0.764168 -0.225689 -0.324375 -0.370851 -0.0760602 -0.15229 -0.0134016 1.37407 0.00414977 0.718872 0.0906471 0.192907 0.406082 -0.149265 -0.237251 0.00540908 0.200502 0.0557173 0.0820268 -0.163826 -0.330444 -0.0891085 -0.269959 -0.340306 -0.20412 0.119286 1.1996 0.222214 1.08495 0.110507 -0.241307 -0.192812 -0.2042 0.243821 0.301827 -0.0511339 0.134584 -0.0695743 -0.25023 -0.0488373 0.0393558 -0.726452 -0.484986 -0.172555 0.0313693 0.0664849 -0.750742 -0.305117 -0.125283 -0.303426 -0.473785 -0.0697292 -0.109498 0.0641902 0.250175 -0.184695 -0.193246 0.0341211 -0.222748 -0.321142 -0.358661 -0.138026 0.0973068 0.241522 0.328175 -0.0938831 0.329837 -0.431969 -0.0885418 -0.0947854 -0.0264621 0.290857 -0.122186 0.381984 -0.154267 -0.334068 -0.0987493 -0.322805 -0.280271 -0.00377441 -0.454978 0.149247 -0.229343 -0.644514 -0.306398 -0.353919 -0.0399611 -0.0343615 -0.267393 -0.471974 0.173651 -0.075826 0.0568737 -0.0894788 -0.271916 -0.424672 0.161221 0.161312 -0.390344 -0.085191 0.132916 -0.450926 0.314237 0.31048 -0.283478 -0.178439 -0.055621 0.0669558 0.831092 -0.438438 -0.275328 -0.00502467 -0.182446 -0.128069 -0.284152 0.0592052 -0.354321 -0.58601 -0.257447 -0.0568927 -0.218428 -0.681869 -0.40097 -0.0918624 -0.749124 0.135001 0.120652 0.353768 -0.387933 -0.0689629 0.0794579 -0.212977 -0.501755 0.178856 -0.497733 0.0942196 -0.396387 0.044078 -0.354316 0.169343 0.0818674 -0.187075 -0.31087 -0.144876 -0.117687 -0.0520707 0.231353 -0.104538 -0.350183 -0.113966 -0.220706 -0.180602 -0.187145 -0.153503 0.223587 -0.362009 -0.338181 0.357227 -0.188136 -0.184581 -0.244042 -0.147989 0.00675445 0.0953133 -0.287161 -0.22235 -0.441335 -0.422083 -0.272306 0.0156103 0.247239 0.262381 0.129066 0.198804 -0.247753 0.0839882 -0.467211 -0.368701 -0.202793 -0.413977 0.224704 0.158694 -0.0961712 -0.0186354 -0.0811968 0.166302 -0.547314 -0.125816 -0.640964 -0.289065 0.141878 0.207916 0.691096 0.162472 0.717541 -0.491668 0.387878 -0.470396 0.810697 -0.464268 0.187207 -0.0701806 0.717111 0.686737 0.890171 0.474629 0.449515 0.667028 0.131932 -0.0896121 0.164834 -0.248199 -0.175425 0.05471 -0.202258 -0.0606045 -0.672851 -0.204756 -0.0904009 -0.432647 1.2688 -0.163924 -0.108414 0.335975 -0.46458 0.136094 0.0830293 -0.24568 -0.273612 0.27445 0.206785 0.173905 0.454538 1.00396 0.306449 -0.062525 0.0796353 0.291895 0.272221 0.374725 0.215166 0.069054 0.28891 0.273468 0.138874 0.00105315 0.178444 0.0266208 0.122154 -0.269116 -0.420458 -0.00641915 1.13402 1.06753 0.461704 3.29476 0.503939 1.96764 0.517665 0.726902 1.77977 0.0157929 0.0622646 1.12101 1.19516 0.475953 -0.0438909 -0.197324 -0.0472317 -0.127879 0.0787194 -0.414262 -0.281941 -0.153364 -0.429986 0.187756 -0.11568 0.011215 1.18682 1.18085 0.064286 -0.138084 0.412589 0.487668 -0.152074 0.222951 -0.0817232 -0.066443 -0.116617 0.110683 -0.161289 -0.548314 0.332333 -0.00673968 0.985892 0.673227 0.107415 0.124509 -0.270839 1.30475 -0.0762354 0.131223 0.332852 0.117948 0.693713 0.171835 0.0684133 -0.161511 0.533123 -0.0562288 -0.762118 -0.139591 -0.560419 -0.455881 0.0759281 0.143973 0.12927 -0.0949519 -0.0458693 -0.0158027 0.396077 -0.427006 0.00986024 -0.114508 -0.104389 -0.0975317 -0.185627 -0.091937 -0.0856669 -0.496887 -0.437895 -0.404551 0.341297 -0.0746238 0.284979 -0.312036 -0.0773628 -0.131002 0.7812 -0.0840217 -0.0723901 0.0824271 -0.0362154 0.518661 0.174407 -0.426194 -0.125162 0.506075 0.0186566 0.198506 0.907299 0.132048 -0.323976 -0.483527 -0.106271 -0.14734 0.91951 -0.471803 -0.319742 0.0229327 0.0461049 -0.1064 0.416278 -0.0942569 -0.277529 -0.0416153 -0.0364751 -0.214687 -0.263914 -0.24554 1.37778 0.81603 -0.233579 -0.414625 0.0762817 -0.207228 -0.119231 -0.0437605 -0.798519 -0.277155 0.0804828 -0.0784734 -0.231177 -0.101814 0.401898 0.688956 -0.24053 -0.0139382 -0.247123 0.410437 -0.55876 0.434292 0.412347 -0.277014 0.852594 -0.312476 -0.098818 0.253427 -0.33634 -0.154891 -0.172403 -0.310196 -0.255358 -0.017998 -0.400967 -0.202884 -0.0967785 -0.193657 -0.0908974 -0.3481 -0.0976432 0.208282 -0.183312 0.245113 -0.634407 -0.100452 0.675206 -0.285104 0.19804 -0.0553998 -0.246759 0.176748 -0.107223 -0.300554 0.163531 -0.263498 0.108973 -0.234506 -0.0657298 0.40352 0.0457866 -0.00025197 -0.329301 -0.0540041 -0.143192 -0.46931 -0.354772 0.241215 -0.0361113 -0.172785 -0.211475 0.661731 0.211316 0.0591332 0.619213 -0.539312 -0.229809 -0.12296 -0.4464 -0.270256 0.0331974 -0.372695 -0.337529 -0.192396 -0.0219287 0.138586 -0.26763 -0.0745165 0.069206 -0.403227 0.387319 0.4262 -0.0200691 -0.273115 -0.0835906 0.208648 -0.308834 -0.109015 -0.160077 -0.293765 -0.168843 -0.404332 -0.35428 -0.376315 0.0581999 0.226001 -0.0397356 -0.323975 -0.165403 -0.210185 -0.0779041 -0.211853 -0.00889181 -0.324705 -0.332224 0.325072 -0.250243 -0.323622 -0.0445094 0.365898 -0.239218 -0.15486 -0.19683 -0.266141 -0.244823 -0.570256 0.217966 -0.130909 0.0111838 0.140977 -0.238142 0.515149 0.380715 -0.085512 -0.0719083 0.0419566 -0.369743 -0.523327 0.184726 0.980161 0.0225269 -0.271025 -0.258545 -0.271878 0.0688666 0.967928 -0.357627 -0.00517017 0.549562 -0.243607 -0.262306 0.0486368 0.523372 -0.322873 0.0428626 -0.0963787 0.200078 -0.534787 0.13901 0.119909 -0.403552 -0.374306 -0.344762 0.156671 -0.414411 -0.121452 -0.129627 -0.428754 0.00119943 -0.200082 0.38216 -0.12658 -0.1179 -0.0372245 0.463675 -0.165951 -0.155172 -0.0485322 0.0230768 -0.172981 -0.343464 -0.0482046 -0.291962 -0.523643 -0.149378 -0.169145 0.621538 -0.22665 -0.538456 0.540596 -0.25127 -0.287207 -0.280548 0.0864999 0.22238 -0.380266 0.824619 0.0517941 -0.121613 -0.0737683 -0.201182 0.0691852 -0.24833 -0.283112 -0.309573 0.169948 -0.336767 -0.409284 -0.207877 0.310256 -0.255562 0.471656 0.564238 -0.172063 -0.168551 -0.618304 -0.349341 0.308311 -0.673197 0.141515 -0.234942 0.0800042 -0.385628 -0.359596 -0.407551 0.811609 6.71758 -0.272419 0.041516 0.964963 -0.285187 -0.26366 0.126591 -0.514465 -0.0608093 -0.183445 -0.0627411 -0.137805 -0.344117 -0.338201 -0.238239 -0.188747 -0.511204 0.0799814 -0.164271 0.480557 -0.305564 1.24641 0.384784 -0.330371 0.164008 0.670928 0.0486634 -0.167309 0.177967 0.591976 -0.145664 -0.282444 -0.163067 0.102789 0.159136 -0.15413 1.03214 -0.46203 -0.0420854 -0.0117017 -0.484032 -0.0672637 1.2482 -0.426334 -0.375235 0.147164 -0.299577 -0.153778 0.959648 -0.381299 -0.357068 -0.359944 0.375422 -0.421908 -0.37772 -0.2513 -0.0716443 0.124073 0.136983 0.635612 0.0202789 -0.161882 -0.215458 -0.132618 0.0151032 -0.184057 -0.0556434 -0.12823 0.559863 0.280046 0.0568307 -0.347114 -0.384285 -0.542562 -0.0033631 -0.111633 -0.114652 -0.409132 -0.0489741 -0.27996 0.0567735 -0.0253081 0.192489 0.00833697 0.0651985 0.130955 -0.479398 -0.0269725 0.142085 -0.0337994 0.0327396 -0.0759279 -0.0235906 0.151212 -0.12714 0.850776 -0.555796 -0.914389 -0.0716237 -0.187182 -0.229127 -0.251729 -0.462269 0.370695 0.188382 -0.0739082 -0.159086 -0.0719878 -0.239783 0.7202 -0.0842839 -0.281619 -0.120896 -0.0889114 -0.0532232 0.0166407 -0.159381 -0.347495 -0.166935 -0.0656365 -0.170459 -0.0132404 -0.146835 -0.365772 0.220468 0.297279 -0.374121 0.127 -0.0954357 -0.0786485 -0.633202 -0.375629 0.0398827 0.0322483 -0.192926 0.649422 -0.182052 -0.0650747 -0.241919 -0.0465517 -0.0269561 1.02336 0.124269 -0.328809 -0.583325 -0.509889 -0.0140692 -0.100698 -0.338813 -0.402561 -0.0969109 -0.277765 -0.490051 0.515788 0.035089 -0.113353 -0.169372 0.00566041 -0.330391 -0.221319 0.00288435 0.368539 -0.248059 -0.122796 -0.537307 -0.345433 0.535713 0.021439 -0.0129943 -0.0605092 0.44356 0.583168 0.358709 -0.0593952 -0.339994 -0.325127 0.0424261 -0.338 0.541704 0.128412 -0.140176 0.38346 0.0888364 -0.162719 0.413391 -0.123244 -0.393321 -0.400664 0.181184 -0.0570748 -0.110032 -0.344562 -0.15021 0.0650757 0.095133 -0.388863 -0.130088 0.146845 -0.506435 -0.0166951 -0.100379 -0.269535 -0.236518 0.382393 0.146223 -0.148288 0.130331 -0.197654 -0.231096 -0.68909 -0.0363674 -0.299759 -0.51765 -0.189594 -0.00122482 0.238158 -0.475828 0.0816766 -0.542047 -0.596209 -0.105424 -0.112723 0.0492557 -0.534194 -0.323548 -0.152903 0.228395 -0.105408 0.271388 -0.285315 0.404136 -0.0114054 -0.13415 -0.0374401 0.0766184 -0.10641 -0.121537 -0.284335 1.92309 -0.562984 0.17186 -0.329209 -0.543283 -0.500929 0.154083 0.45234 0.214546 -0.298167 -0.245261 0.0646644 0.0645726 -0.00419209 0.309408 -0.256415 0.00803657 2.12817 -0.0912418 0.161409 0.0279172 0.168111 0.0908054 0.183631 -0.150066 0.82479 -0.28714 0.492619 -0.0844799 -0.0466256 0.549581 0.862128 0.179864 0.119 -0.0703324 0.103822 0.604552 -0.00423211 0.487426 0.140891 0.171817 0.319561 -0.206208 -0.0491665 -0.238586 -0.103235 0.352997 0.180607 -0.3627 -0.191227 -0.242145 0.11789 -0.0605692 -0.363151 -0.174159 -0.244043 0.3526 -0.500793 0.0474146 0.242505 -0.270661 -0.00333877 0.206344 -0.159849 -0.259686 0.37297 -0.160665 -0.317508 0.00469228 -0.222422 -0.150727 0.127278 0.514263 0.252834 0.0878317 1.87718 0.902309 0.666867 -0.178819 -0.190122 -0.103764 -0.361616 -0.402125 -0.20412 -0.567792 -0.38475 1.94922 -0.168642
image label: 674
plain predicted label: 674
image time : 45540 ms
