image_id: 0
log_file: "/home/guoshuai/github/poseidon/Trident/resnet50/result/resnet50_plain_image0_20260709_202017.txt"
plain_relu_reference: relu
stem_pool_mode: maxpool
  plain input: shape(h=224,w=224,c=3)
  plain preview: 0.0473714 0.0413777 0.0319591 0.0259654 0.0216842 0.0182593 0.0182593 0.020828 0.0242529 0.0148343 0.0328153 0.035384 0.0242529 0.0114094 -0.015134 -0.0134215 -0.00485915 -0.00229044 -0.00400291 -0.0014342 0.00627194 0.0182593 0.0396652 0.0593587 0.0644961 0.0619274 0.0644961 0.0627836 0.0627836 0.0636399 0.0627836 0.0619274

========== Stem ==========
stem pool mode: maxpool
  plain stem output: shape(h=56,w=56,c=64)
  plain preview: 0.285222 0.212704 0.212704 0.218468 0.218468 0.204265 0.204265 0.168506 0.162233 0.162527 0.162527 0.161501 0.153148 0.154858 0.165582 0.160569 0.180211 0.156681 0.162116 0.156436 0.169786 0.183634 0.156763 0.157368 0.157368 0.152579 0.164734 0.157536 0.157715 0.161346 0.161346 0.158918

========== layer1 block 0 ==========
  plain block output: shape(h=56,w=56,c=256)
  plain preview: 0 0 0 0 0 0.0151024 0 0 0 0 0 0 0 0 0 0 0 0 0 0 0 0 0 0 0 0 0 0 0 0 0 0

========== layer1 block 1 ==========
  plain block output: shape(h=56,w=56,c=256)
  plain preview: 0 0 0 0 0 0.00541584 0 0.00169555 0 0 0 0 0 0 0 0 0 0.00136334 0 0 0 0 0 0 0 0 0 0 0 0 0 0

========== layer1 block 2 ==========
  plain block output: shape(h=56,w=56,c=256)
  plain preview: 0 0 0.00452066 0 0 0 0 0.00596415 0.000264004 0.00912031 0.00844063 0.0103347 0 0 0 0 0 0.029312 0 0 0 0 0 0 0 0 0 0 0 0 0 0

========== layer2 block 0 ==========
  plain block output: shape(h=28,w=28,c=512)
  plain preview: 0.144643 0.0831812 0.159841 0.123033 0.121316 0.154248 0.182574 0.144515 0.19848 0.195262 0.134905 0.145358 0.154349 0.185194 0.120255 0.123077 0.130004 0.116197 0.166107 0.139908 0.140488 0.163368 0.148613 0.107785 0.151934 0.187469 0.11574 0.104389 0.243119 0.0724653 0.129848 0.0595618

========== layer2 block 1 ==========
  plain block output: shape(h=28,w=28,c=512)
  plain preview: 0.0977682 0.0336179 0.135671 0.126061 0.114169 0.130297 0.180676 0.145857 0.199004 0.192818 0.134633 0.150942 0.166852 0.170495 0.0830037 0.0617597 0.0858645 0.0718605 0.157148 0.0785154 0.101232 0.132193 0.176664 0.118349 0.161366 0.213631 0.12539 0.0985032 0.199297 0.00156473 0.0454014 0

========== layer2 block 2 ==========
  plain block output: shape(h=28,w=28,c=512)
  plain preview: 0.0622182 0 0.105551 0.100365 0.0824647 0.100065 0.14794 0.116177 0.16089 0.158566 0.0833891 0.100489 0.111065 0.131558 0.0301623 0.0225325 0.0504041 0.0342084 0.114717 0.0341614 0.0502534 0.0851045 0.122216 0.0753944 0.115733 0.171147 0.081227 0.072415 0.156203 0 0.0147964 0

========== layer2 block 3 ==========
  plain block output: shape(h=28,w=28,c=512)
  plain preview: 0.0242309 0 0.0739236 0.0590556 0.0179947 0.0505466 0.117578 0.0175222 0.092162 0.129892 0.0356519 0.0311952 0.0757554 0.0810127 0 0 0 0 0.0706331 0 0 0.0352462 0.091687 0.0182034 0.0992234 0.178897 0.0390292 0.0322101 0.153977 0 0 0

========== layer3 block 0 ==========
  plain block output: shape(h=14,w=14,c=1024)
  plain preview: 0.0939534 0 0 0.00716553 0 0.07114 0.00784114 0.0112309 0.0222939 0 0.0230313 0.00347882 0.0440511 0.0384846 0 0.0521537 0.145283 0.0410787 0.0525467 0.0268406 0.0539601 0.0418298 0.0396323 0.0459985 0.107777 0.0779415 0.0533921 0.131779 0.0191198 0.0617129 0.0805885 0.0399194

========== layer3 block 1 ==========
  plain block output: shape(h=14,w=14,c=1024)
  plain preview: 0 0 0 0 0 0.0020965 0 0 0.000635247 0 0 0 0.033026 0.0182808 0 0 0.0537429 0 0.019929 0 0.0298626 0.0263263 0.00853186 0.0165491 0.0677492 0.0480304 0.0311754 0.10848 0 0 0.0065848 0

========== layer3 block 2 ==========
  plain block output: shape(h=14,w=14,c=1024)
  plain preview: 0 0 0 0 0 0.00168251 0.00462803 0.00183534 0 0.000772228 0.00205286 0 0.0267938 0.0162967 0 0 0.0501554 0 0.0061305 0 0.0254075 0.0256034 0.00433477 0.012946 0.0645267 0.0412832 0.0238118 0.0994473 0 0 0.00719003 0

========== layer3 block 3 ==========
  plain block output: shape(h=14,w=14,c=1024)
  plain preview: 0 0 0 0 0 0 0 0 0 0 0 0 0 0 0 0 0.0343977 0 0 0 0.0015144 0 0 0 0.0474753 0.0326999 0 0.0655591 0 0 0 0

========== layer3 block 4 ==========
  plain block output: shape(h=14,w=14,c=1024)
  plain preview: 0.00538326 0.000275672 0.000103058 0.00366403 0.00184269 0 0 0 0 0 0 0.000982328 0 0 0.0059962 0.00118435 0.0354691 0.00119589 0 0 0 0 0 0 0.0480316 0.0327588 0 0.0673397 0.00324351 0.00130429 0 0

========== layer3 block 5 ==========
  plain block output: shape(h=14,w=14,c=1024)
  plain preview: 0.000741641 0 0 0 0 0 0 0 0 0 0 0 0 0 0 0 0.0321577 0.00184397 0 0 0 0 0 0 0.04829 0.0281193 0.000582331 0.0395041 0 0 0 0

========== layer4 block 0 ==========
  plain block output: shape(h=7,w=7,c=2048)
  plain preview: 0 0 0 0 0 0 0 0 0 0 0 0 0 0 0 0 0 0 0 0 0 0 0 0 0 0 0 0 0 0 0 0

========== layer4 block 1 ==========
  plain block output: shape(h=7,w=7,c=2048)
  plain preview: 0 0 0 0 0 0 0 0 0 0 0 0 0 0 0 0 0 0 0 0 0 0 0 0 0 0 0 0 0 0 0 0

========== layer4 block 2 ==========
  plain block output: shape(h=7,w=7,c=2048)
  plain preview: 0 0 0 0 0 0 0 0 0 0 0 0 0 0 0 0 0 0 0 0 0 0 0 0 0 0 0 0 0 0 0 0
  plain average pool output: shape(h=1,w=1,c=2048)
  plain preview: 0 0 0 0 0 0.00912336 0.0166091 0 0.0492862 0 0 0 0 0 0 0 0 0 0.0206053 0.00480224 0 0 0 0 0 0 0.0268742 0 0 0 0 0.0438795
plain logits: -0.218762 -0.269627 -0.177738 0.609091 0.575686 0.30243 0.552941 -0.0263103 -0.37921 0.540505 -0.324897 -0.219642 -0.0643663 -0.0562108 -0.320928 -0.288085 -0.0946534 0.0180181 -0.0871525 -0.221458 -0.372759 0.19756 -0.189523 -0.116274 -0.00557103 -0.412419 -0.0770791 -0.501531 -0.341937 -0.175051 -0.603682 -0.22289 -0.800948 0.39422 1.27909 -0.290439 0.161368 -0.398543 0.28566 0.709856 -0.446651 -0.203697 -0.123231 0.0135548 0.506251 0.303649 -0.196773 0.123847 0.740186 0.842833 1.59327 -0.398356 2.25246 2.20016 3.96358 0.193755 3.04017 0.959642 4.22398 1.16241 3.89388 3.42507 6.20595 4.99333 1.14373 6.35763 3.46521 3.25304 3.55674 -0.34409 -0.111493 -0.322896 0.346797 -0.418376 -0.0206063 -0.247353 -0.500875 0.107225 -0.13322 -0.286285 -0.0126732 -0.384827 -0.0815881 -0.181985 -0.205316 -0.0847076 -0.781715 -0.171774 -0.194211 0.0478082 -0.212665 -0.160529 -0.0544213 -0.443838 -0.100221 -0.252717 -0.0637403 -0.199709 0.0880592 0.101154 0.128402 -0.225875 -0.417222 -0.473065 0.299872 -0.420098 -0.226276 0.528174 -0.465317 0.117527 -0.333386 0.315866 0.780109 -0.31581 -0.116609 -0.474949 -0.0420902 0.0245784 0.240332 -0.281863 -0.306325 -0.307208 -0.235883 -0.0321112 -0.592731 -0.042641 -0.0312658 -0.0653429 -0.143567 -0.041841 -0.000755138 -0.114435 0.437742 -0.256065 0.109451 -0.0154163 -0.163158 -0.0554256 0.217099 0.378429 0.237376 0.0322142 0.3545 0.256673 0.0944023 0.264333 0.320286 0.0713397 -0.203451 0.126214 0.846771 -0.0992629 -0.17631 0.114555 -0.0341454 0.0224732 -0.291957 -0.212783 -0.41983 0.530884 0.152355 0.197672 0.310715 0.0698424 0.117537 -0.556194 -0.230108 -0.719655 -0.275673 0.323239 0.319636 0.218661 0.056281 0.190564 -0.18535 -0.073528 0.277055 0.69932 -0.115804 -0.0788813 -0.134497 0.147996 -0.11161 -0.400989 -0.269747 0.358178 -0.24419 0.208684 -0.168569 0.181337 -0.23322 0.321329 -0.583335 0.17249 -0.282972 0.191336 -0.0842725 0.401115 -0.011898 0.144328 -0.170312 -0.185992 0.397247 -0.148495 0.160517 0.0666636 -0.00394348 0.00188055 -0.260601 0.179891 0.0841 -0.139327 -0.245072 -0.0638499 -0.0184728 0.00889929 -0.306125 -0.0240499 0.0359328 0.0535513 -0.193192 0.275142 -0.000367275 0.257911 -0.00829743 0.172137 0.281659 -0.0415679 -0.0102172 0.379929 0.384501 0.394255 0.307735 0.0882315 -0.17602 0.3261 0.258557 0.0328396 0.521324 0.164075 -0.506689 -0.716782 -0.141126 -0.291031 0.141967 0.381321 0.25805 0.122449 0.1676 -0.070328 0.0310521 0.00277545 -0.191418 0.131231 0.0992406 -0.642458 -0.190509 -0.0521067 0.210756 -0.348216 0.359047 0.1127 -0.194042 0.429363 0.2976 -0.123958 0.248124 -0.401464 -0.118571 -0.279781 0.02719 -0.363687 -0.284522 0.428687 -0.344443 -0.0863889 0.453708 -0.249094 -0.560125 0.120973 0.155814 0.258266 -0.0371016 -0.234214 -0.269632 0.248873 -0.271513 -0.686046 -0.121763 -0.383623 -0.208818 -0.0980677 -0.0204659 0.388504 -0.304799 -0.229343 -0.301762 -0.25194 0.570304 -0.53241 -0.438347 0.0217885 -0.321825 -0.0645147 -0.0552731 -0.209822 -0.35759 -0.0743882 0.111831 -0.201683 -0.0164891 -0.384381 -0.167443 -0.530409 -0.355278 0.220452 -0.0699135 -0.167785 -0.033312 0.141608 -0.0776243 -0.115685 -0.171258 -0.06293 -0.244278 -0.253692 -0.231212 0.508919 0.246246 0.216797 0.0675632 -0.383737 -0.0321845 0.0842826 -0.206826 -0.276705 -0.065325 -0.025904 -0.258282 0.219424 0.0463135 -0.468086 0.312474 -0.132508 -0.25048 0.162977 1.16125 0.155035 -0.530958 -0.30873 0.136204 0.276428 0.135066 0.495736 0.454972 -0.0182525 -0.462224 -0.0835521 -0.149555 -0.378916 -0.00682131 -0.216803 -0.444651 0.672544 -0.0603181 -0.43636 -0.0633001 0.1679 -0.262551 0.0398626 -0.1424 -0.336305 0.112638 0.098233 -0.350845 0.0822494 0.138861 -0.225234 0.162514 0.107248 0.250922 -0.155113 -0.0598999 0.232524 -0.473385 0.139395 -0.0615136 -0.207229 -0.331989 -0.0724669 1.90616 -0.163011 -0.10786 -0.213156 -0.141931 0.357434 0.181571 0.52467 -0.257302 0.333917 -0.141046 -0.322946 -0.222175 -0.231041 -0.101222 -0.0698474 -0.246384 -0.190729 0.237851 0.0461212 0.316944 -0.197872 -0.088587 -0.0785596 -0.0978851 -0.245709 -0.242591 -0.324928 -0.191497 -0.364114 -0.2221 -0.24445 -0.0589307 -0.269366 -0.172309 -0.0214954 -0.0295802 0.142001 0.0572832 0.228285 -0.0232526 -0.173669 0.0438898 -0.161036 0.0276263 -0.482416 -0.183879 -0.0213399 -0.0452655 -0.0890069 -0.25325 -0.0229606 0.0702602 -0.314856 -0.220484 0.491208 -0.112339 -0.557956 -0.140276 -0.315174 -0.147352 -0.114508 0.192909 -0.0635151 -0.259763 -0.0344542 -0.181948 0.0753171 -0.21693 -0.493719 -0.0717341 -0.430618 0.0167102 0.18108 0.12982 -0.145684 -0.0987425 -0.0832475 0.0967408 -0.263148 -0.00764096 -0.289586 -0.137837 -0.174382 -0.229481 -0.0691017 -0.318578 -0.315747 -0.259185 -0.247963 -0.0324999 0.0837419 0.111038 -0.0730433 0.231367 -0.20403 -0.00941103 -0.153466 -0.035136 -0.392294 0.00109606 -0.142483 -0.172534 0.100551 -0.22755 -0.0235081 -0.104232 -0.366375 -0.128358 -0.158864 -0.327283 -0.333991 -0.267454 -0.0231211 -0.378555 -0.4393 -0.12791 -0.253605 -0.0905677 -0.180866 0.18473 -0.062953 -0.281243 -0.110618 -0.106261 0.629707 -0.215157 -0.28787 -0.346019 -0.302936 -0.0125056 -0.354405 -0.120781 0.0627424 -0.0816566 -0.343043 -0.218049 -0.257675 -0.159893 -0.102597 0.0860026 -0.427177 -0.117684 -0.104701 -0.273777 0.0657112 -0.248975 -0.217505 -0.259689 0.179793 -0.338018 0.0830459 0.159896 -0.268367 0.434772 -0.0560073 0.043453 -0.258181 -0.0507473 -0.10632 -0.0491167 -0.172526 -0.0199303 -0.0439926 -0.247766 0.0287546 0.19258 0.0919673 -0.0229695 0.192237 -0.337174 0.0549456 -0.563368 -0.376121 -0.137017 0.00929351 -0.255899 0.0127962 0.115192 -0.240055 -0.075372 0.214815 -0.0572843 0.259243 0.129785 -0.0233268 0.0181231 -0.26526 -0.100982 -0.035758 -0.406019 -0.0975694 -0.212961 -0.213126 -0.0685332 -0.367353 -0.0615694 -0.0788769 -0.113168 -0.123431 -0.0651282 0.133101 -0.015169 0.224315 -0.0128105 -0.0832268 0.0366874 -0.414646 -0.20799 -0.353885 -0.297179 -0.112393 -0.0521692 0.0709688 0.0800531 0.016493 -0.192462 -0.00435033 0.0980414 -0.28565 0.0366136 -0.285181 -0.0712646 -0.14202 -0.274003 0.0434628 0.798139 -0.16068 -0.26482 -0.200383 -0.0837085 -0.170279 -0.0396379 0.0879769 -0.359824 -0.109693 0.245097 0.0792063 -0.0440872 0.0508785 -0.206253 0.030588 -0.150989 -0.0271169 -0.209084 -0.371542 -0.213435 0.172573 1.0106 0.620152 -0.105912 0.222609 -0.138608 -0.0977804 -0.166323 0.0707776 -0.123521 -0.252559 -0.140711 0.00983363 0.0738756 0.0166665 0.109442 -0.0848318 -0.0776148 0.14009 0.104056 0.294614 -0.126698 -0.227081 0.0917393 0.00745177 -0.248489 -0.0977202 0.200703 0.0816082 0.467076 0.209759 0.0361241 -0.119653 -0.251648 -0.0619846 -0.286744 -0.196614 -0.327503 -0.335981 0.00812554 0.0124074 0.0425418 0.159804 -0.375261 -0.0564911 0.264399 -0.0813839 -0.448302 0.0819945 -0.0917852 0.047054 -0.0821614 -0.230942 0.175846 -0.095493 -0.308554 -0.104425 -0.145178 -0.208425 -0.525676 -0.0375974 -0.0781795 -0.142729 -0.256647 0.080219 0.196055 -0.16696 0.114421 -0.12364 -0.219394 0.0281884 0.139752 -0.28157 -0.242139 0.187856 -0.140014 -0.173842 -0.204819 -0.0571644 -0.044324 0.000233903 -0.274286 -0.295568 -0.195246 -0.247912 -0.00329091 -0.362197 -0.0181506 0.0379889 0.468087 -0.161347 -0.459253 -0.044319 -0.167881 0.0425505 -0.0603328 0.210916 0.233855 -0.239079 -0.0194301 -0.0687594 -0.168318 0.221654 0.221477 -0.267613 -0.365173 -0.296392 -0.0023322 -0.156683 0.123139 -0.0691968 -0.000634274 0.0573806 -0.208222 -0.0933792 0.0674022 -0.198368 0.0564415 0.156221 -0.167025 -0.0516304 -0.404907 -0.138684 -0.159466 -0.0261935 -0.0527358 0.229327 0.412384 0.00112709 -0.39248 0.0370217 -0.0393768 -0.134896 0.104345 -0.109044 -0.145421 -0.286634 0.0826836 0.694835 0.172157 -0.13585 -0.210696 -0.106161 -0.0320542 -0.171813 -0.0386059 -0.0643833 -0.172864 -0.170065 -0.235013 0.0724321 -0.236166 -0.171006 0.235537 0.0331334 0.271245 -0.0288195 -0.104205 -0.196632 -0.252759 0.0709945 -0.151051 0.252362 -0.240133 0.544781 -0.139358 0.171701 -0.215082 0.533089 0.429682 0.168315 0.151268 -0.157828 -0.275795 -0.190414 -0.372 0.106473 0.187702 -0.366389 -0.247333 -0.103102 -0.17251 -0.180378 -0.184149 -0.271224 0.186057 -0.106448 0.00714998 -0.266588 -0.172151 -0.318177 0.120042 0.0249122 0.0386566 -0.221043 -0.252494 -0.186376 0.0119213 -0.101783 0.139134 0.264455 0.615566 -0.0096692 -0.168447 0.116612 0.437032 0.653303 -0.188199 0.0295038 -0.0612563 0.0756875 -0.0868634 -0.155558 -0.246296 0.26703 -0.00519133 -0.121971 0.138047 0.279682 -0.155068 0.0170055 -0.331454 -0.246931 -0.288467 -0.257952 -0.0968264 -0.167997 -0.0164433 -0.140559 0.0203112 0.0383521 -0.0854716 -0.402542 0.0787646 0.0193422 0.00604153 0.142971 0.0339897 -0.0230892 -0.304364 -0.187807 -0.228687 -0.247491 -0.241115 0.0472956 0.314338 0.0847929 -0.22734 -0.458663 -0.0507635 0.0140973 -0.240646 0.0660819 0.578165 -0.220246 -0.336061 -0.240038 0.0398301 -0.121049 -0.086544 0.271787 0.201195 0.0381306 -0.0342817 -0.0823941 -0.33557 -0.310247 0.18729 -0.0405547 -0.0791558 0.0942909 -0.19162 -0.308827 -0.0196688 -0.484211 0.727698 0.484571 -0.133153 -0.0258555 -0.0430578 0.0364943 -0.235739 -0.0176171 -0.190643 -0.111476 0.143739 -0.438463 -0.168441 -0.156001 -0.397888 -0.373634 -0.228167 0.34708 -0.0955365 0.0295295 -0.0339432 0.117073 -0.187409 -0.184384 -0.216241 -0.133964 -0.215924 -0.0914063 -0.225081 -0.100246 -0.134676 -0.135961 -0.349577 -0.158827 -0.160324 0.0292812 -0.120446 -0.144536 0.0478207 0.0403724 -0.0957079 -0.551407 -0.420344 0.0106311 -0.103839 -0.187215 -0.287044 -0.131407 -0.247285 -0.203659 -0.22351 -0.071735 0.42425 -0.110629 -0.186395 -0.0139442 0.14652 -0.0362478 -0.244309 -0.156518 -0.0462817 -0.25243 0.653769 -0.145836 0.2235 1.93392 0.666635 -0.435747 -0.032454 0.222353 -0.0343142 0.12549 -0.0973668 -0.182323 -0.167098 -0.0719983 -0.182271 -0.0128397 -0.694795 -0.281616 -0.429092 -0.116349 -0.727801 -0.778214 -0.220698 -0.445999 -0.288737 -0.0910626
image label: 65
plain predicted label: 65
image time : 40880 ms
