image_id: 6
log_file: "/home/guoshuai/github/poseidon/Trident/resnet50/result/resnet50_plain_image6_20260709_202017.txt"
plain_relu_reference: relu
stem_pool_mode: maxpool
  plain input: shape(h=224,w=224,c=3)
  plain preview: -0.0451023 -0.0373962 -0.0271213 -0.0279776 -0.0305463 -0.0373962 -0.0348275 -0.0305463 -0.0339712 -0.0314025 -0.0262651 -0.0228401 -0.0288338 -0.0408211 -0.0545209 -0.0665083 -0.0588021 -0.0391087 -0.0416774 -0.0373962 -0.02969 -0.033115 -0.0451023 -0.0459586 -0.0348275 -0.0305463 -0.0314025 -0.0314025 -0.0322588 -0.0451023 -0.0613708 -0.0639395

========== Stem ==========
stem pool mode: maxpool
  plain stem output: shape(h=56,w=56,c=64)
  plain preview: 0.166558 0.219513 0.189815 0.189815 0.213692 0.213692 0.221707 0.212603 0.235101 0.195851 0.233268 0.210621 0.189069 0.189069 0.180585 0.194295 0.276071 0.228923 0.21994 0.196017 0.196017 0.212733 0.212733 0.197338 0.2192 0.196514 0.182624 0.211916 0.211916 0.205333 0.205333 0.220396

========== layer1 block 0 ==========
  plain block output: shape(h=56,w=56,c=256)
  plain preview: 0.0590388 0.00461914 0.00831907 0.0514429 0.0330699 0.109265 0.0640736 0 0.013093 0.0633858 0.0340053 0.0648968 0.0305036 0.00568818 0.0386041 0.0372211 0.0172752 0.0536731 0.0799729 0 0.0261548 0.0273952 0.0327047 0.0222777 0.0377026 0.0314579 0.00292796 0.015761 0.0257233 0.0235121 0.012336 0

========== layer1 block 1 ==========
  plain block output: shape(h=56,w=56,c=256)
  plain preview: 0.0278184 0 0.00217239 0.0369114 0.0106606 0.0926126 0.0538923 0 0 0.0483739 0.020558 0.052178 0.0208282 0 0.0226995 0.0229912 0.00609412 0.0361715 0.0702615 0 0.0113729 0.0131422 0.0108712 0.0104894 0.0147406 0.0143142 0 0 0.0179459 0.0123377 0.00088208 0

========== layer1 block 2 ==========
  plain block output: shape(h=56,w=56,c=256)
  plain preview: 0.0123338 0.00728046 0.00151166 0.0140309 0.0107383 0.0786829 0.0663578 0 0 0.0418917 0.0188288 0.0392451 0.0150191 0 0.00981598 0.0255589 0.0203614 0.0166556 0.05685 0 0 0.00997655 0.0227493 0.00168643 0.0104813 0.0189674 0.0090562 0 0.0146703 0.0281659 0.0113984 0.0135453

========== layer2 block 0 ==========
  plain block output: shape(h=28,w=28,c=512)
  plain preview: 0.166688 0.112488 0.0841438 0.149649 0.153163 0.180937 0.151608 0.170302 0.150063 0.180501 0.229867 0.146649 0.114042 0.146785 0.179537 0.113127 0.168951 0.194592 0.214352 0.107193 0.0939912 0.147757 0.20382 0.144253 0.163759 0.170346 0.0921123 0.119318 0.165548 0.167499 0.0585144 0.0933089

========== layer2 block 1 ==========
  plain block output: shape(h=28,w=28,c=512)
  plain preview: 0.123266 0.0928251 0.0634454 0.0872018 0.122319 0.138616 0.0997018 0.127175 0.0998225 0.149795 0.232614 0.0939067 0.0870524 0.12905 0.167779 0.0599772 0.124618 0.174425 0.186753 0.055423 0.0615554 0.128814 0.176594 0.120382 0.121909 0.137957 0.0242756 0.0596604 0.124339 0.149 0.0099683 0.0591014

========== layer2 block 2 ==========
  plain block output: shape(h=28,w=28,c=512)
  plain preview: 0.0784728 0.0463234 0.0212011 0.046665 0.102793 0.0876563 0.0341543 0.0729706 0.0428489 0.0847414 0.165002 0.0446226 0.0543545 0.091077 0.127173 0.0249463 0.0908737 0.14458 0.156539 0.0499737 0.0309485 0.109829 0.147595 0.100952 0.072752 0.116514 0 0.0293827 0.098595 0.114379 0 0.0103317

========== layer2 block 3 ==========
  plain block output: shape(h=28,w=28,c=512)
  plain preview: 0.016822 0 0 0 0.0337486 0.0214638 0 0.000952947 0 0.00640432 0.0899173 0 0 0.04577 0.0896774 0 0.037543 0.124388 0.114523 0 0 0.0643602 0.0982565 0.0675387 0.0284894 0.0513239 0 0 0.0590377 0.0399208 0 0

========== layer3 block 0 ==========
  plain block output: shape(h=14,w=14,c=1024)
  plain preview: 0 0 0 0 0 0 0 0 0 0 0 0 0 0 0 0 0 0 0 0 0 0 0 0 0.0233423 0 0 0 0 0 0 0

========== layer3 block 1 ==========
  plain block output: shape(h=14,w=14,c=1024)
  plain preview: 0.0071983 0 0 0 0 0 0 0 0 0 0 0 0 0 0 0 0 0 0 0 0 0 0 0 0 0 0 0 0 0 0 0

========== layer3 block 2 ==========
  plain block output: shape(h=14,w=14,c=1024)
  plain preview: 0.00230311 0.0015311 0 0 0 0 0 0 0 0.00187593 0 0 0 0 0 0 0 0 0 0 0.00207871 0 0 0 0 0.000277262 0.00173346 0.0037059 0 0 0 0.000353572

========== layer3 block 3 ==========
  plain block output: shape(h=14,w=14,c=1024)
  plain preview: 0 0 0 0 0 0 0 0 0 0 0 0 0 0 0 0 0 0 0 0 0 0 0 0 0 0 0 0 0 0 0 0

========== layer3 block 4 ==========
  plain block output: shape(h=14,w=14,c=1024)
  plain preview: 0 0.00260267 0.000126666 0 0.00174533 0.00458322 0.00375344 0.00259848 0.00357108 0.00272703 0.00417577 0.00642518 0.00890704 0.002667 0.00123022 0.0039625 0.00298658 0.00200916 0.00360965 0.0029051 0.00212255 0.000211022 0.000304134 0 0 0.00185485 0.00168677 0.0025861 0.0011644 0.000737406 0.00240272 0.000700401

========== layer3 block 5 ==========
  plain block output: shape(h=14,w=14,c=1024)
  plain preview: 0 0 0 0 0 0 0 0 0 0 0 0.00488056 0 0 0 0 0 0 0 0 0 0 0 0 0 0 0 0 0 0 0 0

========== layer4 block 0 ==========
  plain block output: shape(h=7,w=7,c=2048)
  plain preview: 0 0 0 0 0 0 0 0 0 0 0 0 0 0 0 0 0 0 0 0.017698 0 0 0 0 0 0 0 0 0 0 0 0

========== layer4 block 1 ==========
  plain block output: shape(h=7,w=7,c=2048)
  plain preview: 0 0 0 0 0 0 0 0 0 0 0 0 0 0 0 0 0 0 0 0 0 0 0 0 0 0 0 0 0 0 0 0

========== layer4 block 2 ==========
  plain block output: shape(h=7,w=7,c=2048)
  plain preview: 0 0 0 0 0 0 0 0 0 0 0 0 0 0 0 0 0 0 0 0 0 0 0 0 0 0 0 0 0 0 0 0
  plain average pool output: shape(h=1,w=1,c=2048)
  plain preview: 0 0 0 0 0 0 0.155498 0 0 2.21497 0 0.0250841 0 0 0 0 0.195198 0 0 0 0 0 0 0.202884 0 0 0 0 0 0 0 0
plain logits: -0.178825 0.225572 -0.259828 0.144459 0.0491802 -0.0494318 -0.355751 0.760295 0.142252 0.177496 -0.0801549 0.0701267 0.0997577 -0.173223 -0.279009 -0.219851 -0.0150633 -0.319914 0.0800541 0.0215959 -0.0206429 -0.146016 -0.247098 -0.269784 -0.0644479 -0.288421 0.167285 -0.0579598 0.143521 0.193223 0.27646 0.297952 -0.0355754 -0.503481 0.0545713 -0.244893 -0.00626186 -0.136455 0.22624 0.046787 0.257933 -0.295174 0.482435 0.26905 0.0667168 0.364131 0.00194514 -0.178173 0.159348 -0.193648 -0.0107965 0.380275 0.000309289 -0.078102 -0.0406721 0.288326 0.0999521 0.178983 0.230156 0.267534 -0.0261383 0.339657 -0.203969 0.192546 0.38365 -0.337563 0.213077 0.206865 -0.0456815 0.0273684 -0.041154 0.0772893 -0.051367 0.10299 -0.20307 0.123997 0.151409 -0.0811887 0.48881 0.422869 -0.215356 0.050435 0.226 -0.244723 -0.132337 -0.279435 0.259936 0.0565715 -0.0236634 0.115932 0.119637 -0.244016 0.043774 -0.115286 -0.193802 -0.211086 -0.0495368 -0.0661729 -0.0473636 -0.332366 0.00283126 0.0327636 0.561398 0.159796 -0.440785 0.0169045 0.00900238 -0.278882 -0.103828 -0.161449 -0.261267 0.0886155 -0.105577 -0.192557 -0.0485832 -0.380159 -0.0216984 0.0522602 -0.228958 -0.0615047 -0.108646 0.287652 -0.211858 -0.246639 0.253096 0.140817 -0.165988 0.0209293 0.0690075 -0.184957 0.121401 0.150704 0.370089 -0.297003 0.260113 -0.186613 -0.149406 -0.123243 -0.491027 0.191224 -0.00236164 0.0877931 -0.107431 0.242708 0.0579888 0.38001 0.00250109 -0.225218 0.26989 -0.153964 0.0795901 -0.207761 0.244893 -0.0697603 0.0533636 0.43849 0.165626 0.562783 0.16428 -0.0165852 0.377545 -0.175489 -0.441198 -0.47431 -0.511038 -0.481198 -0.180916 -0.09936 -0.307899 -0.0868091 0.093237 0.0341388 0.110686 -0.456515 -0.050007 -0.650676 -0.146761 -0.13892 -0.294887 -0.152357 -0.283712 0.0488248 0.086673 -0.00226664 -0.177452 -0.0984344 -0.20765 0.0305646 0.0637395 -0.250638 -0.14834 -0.315831 0.247372 0.0459536 -0.120558 0.16474 -0.732272 -0.11168 0.0733846 -0.497056 0.0825805 -0.27122 -0.430849 -0.610019 -0.22004 -0.0197019 -0.144208 -0.20129 -0.275603 0.0219011 -0.187866 -0.0238819 -0.165687 -0.233391 -0.430394 -0.544529 -0.0604429 0.192096 -0.22187 -0.171371 -0.156746 -0.019911 -0.0970799 0.489304 -0.0550878 -0.212507 0.200084 -0.289501 -0.0681249 0.159832 0.126596 0.376805 0.17839 -0.878861 -0.0593491 -0.0487984 -0.502648 -0.37116 -0.179819 -0.236347 0.369309 0.0105938 -0.30676 -0.251677 0.0990942 0.139812 -0.241452 -0.139103 -0.0810463 -0.259425 0.135346 0.161507 -0.137869 0.241696 -0.247169 0.0657616 -0.119484 -0.331405 0.16548 -0.180782 -0.405301 -0.210472 -0.640981 -0.125724 0.178057 -0.203858 -0.228332 0.0811067 -0.224351 -0.0167361 0.0119845 0.183368 0.111215 -0.226574 -0.340341 -0.313504 -0.412223 0.210635 -0.634122 0.444221 0.342385 -0.0971006 0.348002 -0.260695 0.146606 -0.180411 -0.192224 -0.747663 0.340271 -0.239093 -0.137971 -0.368507 -0.297753 -0.084994 -0.185251 -0.295942 0.148671 -0.0503969 0.27377 0.648392 -0.107552 0.0885536 0.104715 -0.189262 0.102403 -0.237679 -0.260579 -0.0417504 0.041822 -0.0988304 0.122253 0.345974 -0.105089 0.186305 0.498575 0.180477 -0.0628746 -0.0326471 0.176638 -0.307871 0.342393 -0.084668 0.100182 -0.0386067 0.0730689 0.00245822 -0.00270574 -0.0588135 -0.0888805 -0.1867 0.263045 -0.267935 0.074504 0.0312618 6.3431 0.396676 0.125131 0.772846 2.15555 -0.170313 -0.0424103 0.467796 0.752153 1.10027 0.00911785 -0.161431 -0.418645 0.0294909 0.193275 -0.477987 -0.0697667 -0.141181 -0.0150814 -0.170975 -0.366374 -0.210942 -0.247417 -0.169536 0.376593 -0.331808 -0.213601 3.10263 0.906365 0.0322897 0.115067 -0.143762 -0.118305 0.495294 -0.342187 -0.588572 0.522532 -0.180554 0.548771 -0.411774 0.684105 2.07546 -0.548004 0.431612 -0.833598 0.0039072 0.363057 -0.0130995 -0.922989 -0.502747 -0.472393 -0.0189789 0.0527842 -0.143638 0.205839 -0.376571 0.122785 -0.369461 -0.0116027 0.0545528 -0.122159 0.0994598 -0.249413 -0.0121097 0.0994655 0.0221596 0.163913 -0.175158 -0.028544 -0.1017 0.487065 0.184056 0.0286339 -0.0476487 -0.12452 0.180556 -0.602284 -0.311633 -0.0683272 -0.149862 0.0583832 -0.153615 0.157848 0.296323 0.245898 -0.2578 -0.112255 -0.0454764 -0.139894 0.105118 -0.360514 0.0649341 0.0987729 -0.201872 -0.321044 -0.020357 -0.329707 -0.128946 -0.0320363 -0.133023 0.299216 0.0423271 -0.148175 0.371897 0.173058 -0.202867 -0.0541997 -0.0185934 -0.0243359 0.0306951 -0.0956913 -0.100893 0.301303 -0.0793256 -0.419292 -0.381818 0.262676 -0.0248779 0.133765 0.0794055 0.13231 0.027285 -0.119771 -0.0467746 -0.241057 -0.0210134 -0.0840751 -0.174619 0.291668 -0.0423755 -0.235899 -0.0186746 -0.136898 0.168362 -0.193612 0.0679205 -0.0154475 -0.176942 0.00922511 -0.0144715 0.384298 0.0159273 -0.221493 0.0841117 0.359327 0.0401605 -0.00273899 0.205339 -0.0325792 0.154542 0.0351119 0.0178631 0.15077 0.0838328 0.352458 0.128444 0.199655 -0.304022 -0.0777744 0.218543 -0.0981028 0.182469 -0.0530814 0.366522 0.193538 -0.139804 0.413143 -0.407433 -0.0417788 0.202166 0.34699 0.119705 0.637674 0.532811 0.186258 -0.432286 0.0540522 0.0184214 0.0254561 -0.0895652 0.219627 -0.11474 0.308679 0.0695989 0.227522 -0.207568 0.0566763 -0.10815 0.323642 -0.180093 -0.353228 0.383025 -0.0566531 0.00648235 0.000779852 0.118564 0.0990482 -0.0917746 0.143075 0.0544476 -0.134533 0.059864 0.0583508 0.0745327 -0.00996471 -0.102954 -0.0281128 -0.0813129 0.142597 0.100638 -0.480451 -0.276048 0.146154 -0.0816375 -0.102678 0.434227 0.0428675 0.0653036 -0.0924194 0.0937656 0.167328 0.061187 -0.118841 0.398036 0.190924 0.10319 -0.227637 -0.324461 -0.202248 0.420295 0.0401382 -0.0724809 -0.152635 0.10889 -0.0934896 0.0455934 0.0201114 -0.07659 0.0638922 0.0653156 -0.0591882 -0.177092 -0.0395508 0.210044 0.256934 0.0779598 0.0106584 -0.0425933 -0.0782406 0.0702522 -0.0657951 0.336462 -0.0804674 0.125903 -0.123234 -0.048173 0.194755 -0.0730318 0.151639 -0.0726295 -0.19464 -0.277395 0.0748232 -0.0169418 0.26938 0.327455 -0.176422 -0.195864 -0.0198428 -0.0360214 0.0566389 0.0845091 -0.154635 0.163863 -0.365351 0.164264 -0.303552 -0.0995226 -0.31349 0.0457634 -0.0661574 0.141265 0.177229 0.066571 -0.0985595 0.192103 0.0989199 -0.212877 0.343202 0.0516532 -0.0822178 0.0604024 0.263314 -0.0076012 -0.123898 0.103494 -0.536243 0.16848 -0.158395 -0.0932225 -0.41564 -0.0161177 -0.461368 -0.020779 -0.0739595 0.213919 -0.186143 -0.0134434 -0.106196 -0.249988 0.143962 -0.208918 -0.346114 0.0255066 0.219616 0.0733487 -0.0391754 0.234348 -0.430502 -0.103537 -0.0894842 -0.0262869 0.124334 -0.0568734 0.185699 0.0933968 -0.185533 -0.206543 0.0407622 -0.229909 0.00378462 -0.125647 0.115243 -0.149314 -0.123498 -0.0810328 -0.139646 -0.142526 -0.155771 0.328675 0.102493 -0.238159 -0.332569 -0.195575 0.0898774 -0.0855861 0.469864 -0.0208343 0.287645 -0.066328 0.644019 0.208335 0.117985 -0.136726 0.0536733 0.0179787 -0.2367 0.140077 -0.156336 -0.403023 -0.199403 0.322648 -0.189085 0.0264475 -0.0869416 -0.0797026 0.0331435 0.494876 -0.0242419 -0.0550926 -0.0979478 -0.230215 -0.445274 0.0496796 0.324148 0.357045 0.125025 0.0353279 -0.0622188 0.387645 0.0986993 -0.0567846 -0.247139 -0.146174 -0.258008 0.215437 -0.0108384 -0.409204 0.0316367 -0.146605 -0.166572 0.148455 0.0500313 -0.0506475 -0.0199328 0.121264 0.034742 -0.116455 -0.0972352 0.319253 0.033741 0.141075 -0.121922 0.101384 -0.175167 0.148931 -0.223301 -0.259845 0.055444 0.00744823 0.190081 -0.151065 0.0520694 -0.183792 0.0580713 1.00803 -0.0147951 0.161892 0.0530854 0.377934 0.0595693 -0.0611214 0.35404 0.0674111 0.275121 -0.142204 -0.056818 0.489005 -0.0458399 -0.492156 0.373108 0.0957166 -0.0913101 0.348119 -0.232637 0.283852 -0.189919 0.249626 -0.0576892 0.240879 -0.0598597 0.0240494 -0.139424 0.213309 0.102661 -0.0993688 -0.0398881 -0.184567 -0.111039 0.332898 -0.528194 -0.0408642 -0.0919598 -0.501559 -0.274101 -0.13779 -0.126331 -0.11334 0.442317 0.229146 0.104601 0.0785199 -0.345334 -0.0430262 -0.0219386 -0.0521865 -0.109787 -0.144744 0.142328 0.396239 0.232909 0.128334 -0.161491 -0.124725 -0.237145 0.0782811 -0.100812 0.0134327 0.537796 0.293094 -0.0134805 0.159775 0.168705 -0.100867 0.232197 -0.0658601 -0.0561648 0.174103 -0.0978299 0.111932 -0.258715 -0.224069 -0.16268 0.292623 0.0965345 0.137644 -0.154936 0.18953 0.0909894 0.168689 0.00466359 -0.315081 0.165138 0.32941 -0.293604 -0.432695 -0.245498 0.162385 0.0489725 -0.174981 0.543544 0.0973747 0.12303 0.150431 -0.131704 0.0716024 -0.269882 0.0391947 0.150676 -0.221925 0.125709 0.0386222 -0.38669 -0.0776524 -0.358822 0.0919482 -0.103602 0.0330384 0.179143 -0.286415 -0.17934 -0.246401 -0.18524 0.170378 -0.0547992 0.112612 -0.207124 0.129163 -0.126419 -0.274433 0.0210008 -0.0862263 0.141377 0.0179608 -0.164467 -0.502377 -0.204422 -0.117437 -0.0138479 0.164808 0.427084 0.432429 0.0539987 -0.0791957 -0.0789211 -0.334688 -0.403985 0.0974384 0.0232244 0.103472 -0.13105 0.565923 0.15559 -0.14826 -0.265119 -0.105774 0.112503 0.00662466 -0.0545259 0.00471429 0.19201 -0.228693 0.127255 -0.128161 0.584869 -0.220739 0.0203589 0.143257 -0.154291 -0.24633 -0.0865348 0.103516 -0.261978 -0.373267 -0.02443 -0.089939 -0.0398181 -0.0248694 0.0117281 -0.229863 0.0963264 0.297864 -0.395252 0.206012 0.63372 0.0506563 0.081482 0.0253845 -0.0374733 -0.0242142 -0.0574941 0.299692 -0.42004 -0.0908519 0.0631319 -0.162038 0.0598646 -0.194077 0.15995 0.123924 -0.14443 0.190198 -0.260062 -0.205853 0.145139 -0.0256634 0.240383 -0.0674466 0.349488 -0.122945 0.231594 -0.133027 -0.0917874 0.312261 -0.0385097 -0.104108 -0.104625 0.294789 0.139146 0.0537599 0.152818 -0.0314567 0.086511 0.334536 -0.129221 0.0637822 0.146019 -0.195249 -0.104697 -0.249265 0.0400122 -0.332903 0.148191 0.0138578 0.0363911 -0.275315 0.41819 -0.185749 -0.147268 0.214774 0.0224314 -0.032804 -0.0511026 0.322089 -0.131291 -0.1367 0.00241527 -0.0807141 0.0686204 -0.186544 -0.231294 -0.0802279 -0.262764 -0.143918 -0.17359 0.296008
image label: 334
plain predicted label: 334
image time : 43774 ms
