image_id: 7
log_file: "/home/guoshuai/github/poseidon/Trident/resnet50/result/resnet50_plain_image7_20260709_202017.txt"
plain_relu_reference: relu
stem_pool_mode: maxpool
  plain input: shape(h=224,w=224,c=3)
  plain preview: 0.0627836 0.0627836 0.0636399 0.0662086 0.0653523 0.0636399 0.0602149 0.0542213 0.0542213 0.0619274 0.0781959 0.089327 0.0918957 0.0910395 0.0833333 0.0756272 0.074771 0.0807646 0.0841896 0.0816209 0.0850458 0.0790521 0.074771 0.0730585 0.0687773 0.0696335 0.0653523 0.0619274 0.0602149 0.0559337 0.0559337 0.0585024

========== Stem ==========
stem pool mode: maxpool
  plain stem output: shape(h=56,w=56,c=64)
  plain preview: 0.254238 0.168412 0.184065 0.200384 0.200384 0.194616 0.191187 0.191187 0.169661 0.171481 0.175375 0.184815 0.189271 0.2 0.203713 0.183734 0.171461 0.16902 0.16984 0.16984 0.169366 0.169515 0.183475 0.183475 0.170448 0.166079 0.160044 0.154737 0.160711 0.160711 0.153779 0.159471

========== layer1 block 0 ==========
  plain block output: shape(h=56,w=56,c=256)
  plain preview: 0 0 0.00622144 0 0 0 0.0757753 0 0 0 0 0 0 0 0 0 0 0.00850062 0.0257476 0.0276294 0.0340175 0.0447025 0.0147291 0.0210254 0 0 0 0 0 0 0 0

========== layer1 block 1 ==========
  plain block output: shape(h=56,w=56,c=256)
  plain preview: 0 0 0.00621265 0 0 0 0.0775278 0.00577819 0.00319648 0 0 0 0 0 0 0 0 0 0.0107358 0.0133291 0.0103037 0.0197545 0 0.00749174 0 0 0 0.00814399 0 0 0 0

========== layer1 block 2 ==========
  plain block output: shape(h=56,w=56,c=256)
  plain preview: 0.0133977 0.00311298 0 0 0 0 0.0849757 0 0 0 0 0 0 0 0 0 0 0 0 0 0 0.0166147 0 0 0.0120157 0 0.00729653 0.0226767 0.00967396 0 0 0

========== layer2 block 0 ==========
  plain block output: shape(h=28,w=28,c=512)
  plain preview: 0.159644 0.242318 0.192457 0.138608 0.160158 0.197539 0.153963 0.140531 0.216112 0.1596 0.124092 0.192401 0.201107 0.178396 0.185109 0.23059 0.198837 0.165387 0.183183 0.157426 0.177791 0.166911 0.201837 0.208472 0.195245 0.22304 0.133953 0.266378 0.10937 0.14044 0.159746 0.0885503

========== layer2 block 1 ==========
  plain block output: shape(h=28,w=28,c=512)
  plain preview: 0.158057 0.216822 0.14872 0.0816075 0.119588 0.200926 0.150656 0.171169 0.281616 0.20491 0.137542 0.22458 0.211699 0.119531 0.104126 0.149999 0.113986 0.0932164 0.109209 0.0692848 0.0772712 0.092321 0.141812 0.131184 0.136056 0.174003 0.0708324 0.285806 0.0605236 0.0836587 0.144308 0.0384984

========== layer2 block 2 ==========
  plain block output: shape(h=28,w=28,c=512)
  plain preview: 0.128245 0.212628 0.128844 0.0508863 0.0910997 0.176689 0.119081 0.132552 0.243787 0.164069 0.111336 0.204687 0.195388 0.0982881 0.0683012 0.118952 0.0645318 0.037782 0.0546479 0.0170226 0.0320019 0.0459593 0.0991256 0.0792873 0.0931227 0.158008 0.0559089 0.272439 0.030551 0.0634523 0.12761 0.0105492

========== layer2 block 3 ==========
  plain block output: shape(h=28,w=28,c=512)
  plain preview: 0.123751 0.206353 0.0891939 0 0.0676239 0.178067 0.0836116 0.0506272 0.201464 0.123528 0.0617355 0.134555 0.141671 0.0471656 0.0141644 0.0664256 0 0 0 0 0 0 0.0404541 0.0251742 0.0351378 0.0785895 0 0.274023 0.0199816 0.0133315 0.0697975 0

========== layer3 block 0 ==========
  plain block output: shape(h=14,w=14,c=1024)
  plain preview: 0.149914 0 0 0 0 0 0.0604407 0.0186126 0.0279298 0.172559 0.109028 0.0142453 0 0 0 0 0 0 0 0 0 0.0352944 0.0196864 0.0544067 0.17201 0.100125 0.132751 0.1146 0 0.0353246 0 0

========== layer3 block 1 ==========
  plain block output: shape(h=14,w=14,c=1024)
  plain preview: 0.161625 0 0 0 0 0 0.0602781 0.0115284 0.0225841 0.128266 0.0715095 0 0 0 0.0125051 0.0505991 0 0 0 0 0 0.0568564 0.0231242 0.0524167 0.156002 0.077128 0.0744253 0.0596428 0.0328666 0.064258 0 0.002073

========== layer3 block 2 ==========
  plain block output: shape(h=14,w=14,c=1024)
  plain preview: 0.16061 0 0 0 0 0 0.0590565 0.0130934 0.0243925 0.12742 0.0683673 0 0 0.00633095 0.0174538 0.0543227 0 0 0 0.00370158 0.0123951 0.0721741 0.0285691 0.0507 0.156518 0.0741076 0.0695342 0.0609846 0.0354577 0.0675989 0.00263974 0.00255702

========== layer3 block 3 ==========
  plain block output: shape(h=14,w=14,c=1024)
  plain preview: 0.134097 0 0 0 0 0 0.0286359 0 0 0.0834825 0.0310073 0 0 0.0137931 0 0 0 0 0 0 0 0.0628592 0.00911434 0.0133982 0.119938 0.0257598 0.0178703 0.0407161 0 0.0290679 0 0

========== layer3 block 4 ==========
  plain block output: shape(h=14,w=14,c=1024)
  plain preview: 0.13672 0.000361062 0.00134691 0 0 0 0.0267788 0.000977788 0.000200948 0.0822723 0.0299295 0.00285072 0 0.0106405 0.000999075 0.00466499 0.00384107 0.000727046 0.00118437 0.000247854 0.00197943 0.0677577 0.0100113 0.0111647 0.118113 0.0243447 0.0103871 0.0324847 0 0.0324108 0.0034254 0.00465259

========== layer3 block 5 ==========
  plain block output: shape(h=14,w=14,c=1024)
  plain preview: 0.127805 0 0 0 0 0 0 0 0 0.0731819 0.0162477 0 0 0 0 0 0 0 0 0 0 0.0563165 0 0.0120643 0.120779 0.0128388 0 0.011228 0 0.0186822 0 0

========== layer4 block 0 ==========
  plain block output: shape(h=7,w=7,c=2048)
  plain preview: 0 0 0 0 0 0 0.0361851 0 0 0 0.0270132 0 0 0 0 0 0 0 0.0873602 0.100654 0 0 0 0 0.262675 0.432288 0.0317437 0 0 0 0 0.309491

========== layer4 block 1 ==========
  plain block output: shape(h=7,w=7,c=2048)
  plain preview: 0 0 0 0 0 0 0 0 0 0 0 0 0 0 0 0 0 0 0 0.0576269 0 0 0 0 0.069009 0.262822 0 0 0 0 0 0.113857

========== layer4 block 2 ==========
  plain block output: shape(h=7,w=7,c=2048)
  plain preview: 0 0 0 0 0 0 0 0 0 0 0 0 0 0 0 0 0 0 0 0 0 0 0 0 0 0.0874086 0 0 0 0 0 0.0110118
  plain average pool output: shape(h=1,w=1,c=2048)
  plain preview: 0.100205 0.011407 0 0.0304867 0 0 0.0208751 0 0.0091699 0 0.130646 0.0139265 0 1.90627 0.096173 0.00239447 0.0406988 0.0176832 0 0 0 0 0 0 0.114696 0.00127895 0.0399982 0 0 0.502671 0 0.0769836
plain logits: -0.333894 -0.178477 -0.35047 0.34461 -0.191483 -0.0621138 0.298025 -0.344097 -0.197606 0.0733891 0.191344 -0.353963 -0.100458 -0.176594 -0.114517 -0.178213 -0.251441 -0.129442 -0.0876968 -0.240643 -0.256707 -0.0820095 0.00466695 -0.236906 -0.337798 -0.179635 -0.667208 0.240826 -0.639193 0.0832202 -0.370821 0.837088 -0.0256596 -0.424603 0.122116 -0.419514 -0.354285 -0.291839 0.00717887 0.269174 -0.102792 -0.270171 -0.106309 -0.639602 -0.323081 0.10438 -0.0577591 -0.0854769 -0.0627926 0.0168163 0.0930619 -0.145952 -7.77722e-05 -0.234571 -0.476991 0.352652 -0.331201 -0.350196 -0.257544 -0.385456 -0.252447 -0.0909427 -0.236321 -0.588859 -0.209294 0.0231486 0.494792 -1.10625 0.962025 0.139978 -0.176548 -0.118468 -0.168953 -0.198883 -0.0661833 0.221641 -0.237119 -0.276311 -0.215178 0.0129398 -0.260021 -0.113553 -0.248751 -0.0673892 0.101341 -0.178709 0.0617918 0.180635 -0.236931 -0.0825316 -0.168677 -0.166442 -0.104631 -0.443602 -0.121229 -0.152836 -0.3749 -0.0625612 0.0241997 -0.2369 -0.2828 0.148571 0.0154562 -0.0878745 0.0819979 0.0614622 -0.0935823 -0.177944 0.203215 0.567179 -0.381287 0.256544 -0.152281 -0.200344 -0.0849739 -0.34397 -0.118557 -0.140221 0.699004 -0.243046 1.46447 0.659793 0.2581 0.0539654 -0.104222 0.189191 -0.1566 -0.0328791 -0.136813 -0.134865 -0.00269194 -0.109448 0.066876 -0.105401 0.0693448 -0.0773847 -0.225609 -0.121858 0.107149 -0.170968 -0.0838569 0.0565522 -0.102553 -0.130337 -0.134663 -0.20481 -0.034178 0.284891 0.17071 -0.18832 -0.310187 -0.0179303 -0.610687 -0.0829079 0.444073 -0.176698 0.202855 0.0976737 -0.134191 -0.036833 -0.117999 0.236282 -0.197061 -0.290792 -0.038146 0.225339 -0.233368 -0.169845 0.0413278 -0.0704926 0.0429215 0.147728 -0.287067 0.0686091 -0.0033715 -0.248794 -0.0674697 0.248829 0.124494 0.19331 0.000383646 -0.167533 0.216755 -0.248456 -0.116039 0.38536 0.0223355 0.129376 -0.0139571 -0.153893 -0.419247 0.120454 0.0637169 -0.393118 0.13223 0.3263 -0.19819 0.0652203 -0.0829588 0.0484081 -0.334602 0.0805052 -0.445197 0.216875 -0.178791 0.0856672 -0.10496 -0.116454 0.00980319 0.16773 -0.337803 -0.218866 -0.0920005 0.219363 0.132771 -0.142228 -0.172347 -0.086684 -0.0446771 -0.289297 -0.19382 -0.095163 0.290852 0.212311 0.0476075 0.113265 0.650191 0.0192327 0.063664 -0.0903987 0.144349 0.185394 0.141544 0.0557244 0.331727 0.2308 -0.0504049 -0.121977 0.311653 0.0291376 -0.134819 -0.0403155 -0.409664 0.120517 0.077058 0.259407 -0.128642 0.190692 0.117977 -0.142385 -0.154911 0.489239 -0.175887 -0.262579 0.0500515 -0.0245611 0.235972 0.218518 0.118694 -0.0952573 -0.33483 0.0899879 -0.0762208 0.160491 0.0830943 0.120498 -0.0926166 -0.0816591 -0.204516 0.13244 0.146237 0.182871 0.101205 -0.0779331 -0.175118 0.141901 0.0218341 -0.20017 0.0595786 0.00486234 -0.120553 -0.222228 -0.147587 -0.13348 -0.0734894 -0.126041 -0.0407674 0.0134022 0.0475376 -0.096309 -0.113162 -0.0225422 -0.333791 0.0463817 0.0790469 -0.0866796 0.0300973 0.0406358 0.0187563 0.0264453 -0.14447 -0.480794 -0.718691 -0.32549 0.357434 0.0419941 0.143436 -0.0190975 -0.256648 -0.366695 -0.0670193 -0.185006 -0.0848064 -0.168067 -0.349158 -0.124113 -0.327828 0.00495316 -0.0991936 -0.331591 0.0819485 -0.325801 -0.32316 -0.39598 -0.389624 -0.436741 -0.40667 0.215072 -0.0854335 0.7437 0.0507541 -0.114392 -0.101293 0.119169 0.261773 -0.247257 -0.0488054 -0.163732 0.292979 -0.186063 -0.10565 -0.161903 -0.0828611 0.0709696 -0.0611234 -0.238729 -0.0687907 -0.00609324 -0.106106 -0.072791 -0.096936 -0.107313 -0.0812522 -0.13174 -0.39688 -0.0090957 0.0612207 -0.067768 -0.326845 -0.110959 -0.0804827 -0.135839 -0.0121223 -0.364205 -0.359309 -0.183374 -0.14223 -0.1048 -0.171884 -0.192635 0.0534082 0.14691 0.0583347 -0.176942 0.00183918 0.00212928 -0.251045 -0.391571 -0.232813 -0.289822 -0.102287 -0.241242 -0.118632 -0.0484766 -0.38297 -0.0799781 -0.0561658 -0.0119582 -0.0351126 0.150904 0.0363162 0.0813663 -0.400249 0.00702521 -0.173386 0.123444 -0.434723 -0.305511 -0.323084 -0.409381 -0.366228 -0.0568619 0.15885 -0.0983418 -0.220036 0.130233 -0.0688981 -0.0556369 -0.192317 -0.242229 -0.218545 -0.937116 0.220387 0.0681192 0.18426 5.04191 -0.202823 -0.243965 -0.225115 0.519247 0.0535486 -0.207272 0.185919 -0.0699855 -0.474371 0.0108431 -0.289714 -0.357344 -0.194318 0.817946 -0.339695 0.665617 -0.0934971 0.462574 1.48689 -0.152108 0.04319 -0.054036 -0.226155 -0.514853 -0.118556 -0.551716 -0.0985308 0.464017 -0.238129 -0.393205 -0.892281 -0.268158 -0.447214 -0.122279 -0.279756 0.155513 -0.217433 -0.159464 -0.15977 0.995403 -0.174592 0.148493 -0.0614087 0.174223 0.036731 -0.531203 -0.306038 0.402158 0.461284 -0.189167 0.0321933 0.133198 -0.0243408 -0.710213 1.06271 -0.260667 0.0864081 -0.10736 -0.453732 -0.100953 -0.520363 -0.538742 0.33732 -0.381754 -0.241394 0.0609422 -0.0409975 0.0296706 -0.127775 -0.217264 -0.0416425 -0.0291372 -0.395494 -0.308692 -0.534722 -0.0637309 0.255469 -0.281674 -0.268404 0.00353513 0.662588 0.0340262 0.111765 0.488987 0.101045 -0.301784 1.30762 -0.1463 0.140553 -0.704155 0.454491 -0.26683 0.125251 1.98655 0.000858834 -0.137123 -0.28213 -0.458537 -0.224342 0.532081 0.469255 0.060885 0.0432771 0.195468 -0.0739174 -0.241054 -0.204988 -0.274137 -0.454245 -0.029511 -0.342722 0.209478 0.159064 0.869039 0.321466 -0.221223 -0.32101 0.217559 0.452551 -0.534761 0.0278222 -0.276748 -0.425797 -0.409507 -0.0995989 -0.132005 -0.146245 0.0974089 -0.101264 -0.404712 -0.431709 -0.0215384 0.0334938 0.163536 -0.929463 2.71276 -0.0273197 0.0180588 0.0167199 -0.27622 -0.311694 -0.0615991 -0.579247 -0.0860439 0.0107167 -0.308914 -0.275541 -0.0795561 -0.121184 -0.012044 -0.453761 1.23941 -0.19926 -0.0515027 -0.299726 -0.145939 -0.644377 -0.230748 0.0789024 -0.11581 0.0880558 -0.325334 -0.243569 0.100975 0.122848 -0.346738 0.10847 0.351462 1.83814 -0.211843 -0.135776 0.111425 -0.0285825 -0.328005 0.0153245 0.490089 -0.415956 -0.231916 0.125194 0.00611723 -0.601887 -0.536191 0.125462 -0.528009 0.150824 -0.610322 -0.146706 0.151193 -0.094928 0.434544 -0.0245237 -0.00548085 -0.281546 0.132025 -0.0592898 -0.298416 -0.140692 -0.523789 -0.311063 0.561754 -0.505536 -0.0927416 -0.132549 0.0245233 0.132642 -0.0949359 -0.15711 -0.440557 -0.103091 -0.111648 0.25915 -0.136256 0.00579504 0.776664 -0.216413 0.297374 -0.163723 -0.0560489 0.213968 -0.355518 -1.14603 -0.131676 -0.439084 -0.550974 0.0601133 0.147692 -0.202505 -0.244395 0.675693 -0.179375 -0.477959 0.406539 -0.169403 0.0609041 0.00657123 -0.0602322 -0.392461 -0.592091 -0.0865919 -0.178085 -0.369048 -0.227008 0.611063 0.959065 -0.114007 0.0105832 -0.144262 -0.0506481 -0.355159 -0.12621 -0.517436 -0.161517 -0.0712706 -0.130222 -0.275015 -0.0219676 -0.110857 0.646312 0.0161458 -0.291939 -0.483178 -0.088401 0.220034 0.551138 0.920298 0.266983 0.0363003 -0.314636 -0.218947 -0.602437 -0.479729 -0.264133 -0.543286 0.082383 -0.153163 -0.352946 0.707796 -0.0404831 -0.0419183 -0.706623 0.938398 -0.198498 -0.180824 -0.349073 1.79824 -0.0947482 -0.308587 -0.214638 -0.526969 -0.156286 -0.20639 -0.213549 0.0221503 0.519719 0.300628 -0.118388 0.528684 0.0890107 1.0128 -0.381284 0.0112933 -0.123678 -0.0857637 1.12019 0.562326 1.549 0.253948 0.907296 -0.311433 -0.117713 -0.273964 -0.197986 -0.33117 0.0431667 -0.25428 -0.252829 0.0165195 0.264989 0.121925 -0.321676 -0.323878 -0.144606 0.169541 -0.279728 -0.281543 -0.387586 0.34761 -0.302163 -0.112685 -0.47917 0.667815 -0.424215 0.623571 -0.56242 -0.0440378 -0.254381 -0.167315 0.304121 -0.34844 -0.294194 0.142362 0.222592 -0.361812 -0.132589 -0.0259458 0.00886248 0.753564 -0.473722 -0.394578 -0.480797 -0.173496 2.09149 0.57547 0.782302 0.306016 -0.639 0.433708 0.601576 0.93434 -0.500282 -0.287715 -0.432159 -0.216556 0.121111 -0.0168523 -0.0285006 -0.158552 -0.177217 0.18957 0.299056 0.442171 -0.589073 0.278831 0.139943 -0.737136 -0.213547 -0.0035769 0.124983 0.657267 -0.320461 0.0360757 0.283766 -0.101887 -0.0514876 -0.0177434 -0.415326 -0.15197 -0.112428 1.38505 -0.109554 0.0417045 -0.0300236 0.526426 0.6676 0.171388 0.0315028 -0.0901614 1.16571 -0.0776675 -0.208881 -0.463204 -0.261463 -0.0204532 -0.369142 -0.20844 0.0896872 -0.446121 -0.632993 0.399261 0.07493 -0.418546 -0.40384 -0.715252 -0.0838315 0.0509872 -0.187259 0.0583178 -0.0999388 -0.23544 0.0650296 0.400955 -0.0614255 0.0501748 -0.0267515 -0.536763 -0.590502 -0.514742 -0.0203233 0.333304 0.296637 -0.115795 -0.330932 -0.165128 -0.00682663 1.60492 -0.240242 1.38722 -0.0145123 -0.590553 0.888508 -0.309287 -0.480047 0.26399 1.08603 -0.406942 0.103415 -0.476707 0.0492575 -0.279852 0.555219 -0.0628155 -0.19378 1.21158 -0.359224 -0.0115025 0.10173 -0.194767 -0.349506 0.24577 -0.299972 -0.511052 -0.109149 -0.0142843 -0.193141 -0.219352 -0.0505541 -0.295344 -0.398287 0.0507069 0.324783 0.116709 -0.62435 -0.0807466 -0.411457 0.257697 0.127246 0.101899 0.166074 0.183997 0.405922 -0.8526 -0.176729 0.0120661 -0.459915 0.0451193 -0.96823 -0.000106595 0.073756 0.0814409 0.16621 -0.0947539 -0.114986 0.0288497 -0.771628 0.380007 0.52985 -0.0858067 -0.0185062 0.0040442 -0.255706 0.139085 -0.829202 0.177744 -0.171322 0.102289 -0.829085 0.240257 2.16773 1.44063 0.0224695 -0.923596 0.924602 4.8011 1.45759 2.0422 2.95904 0.15499 4.87161 4.15373 1.03351 0.319179 0.26329 -0.414305 0.207831 -0.487255 -0.545412 0.202612 1.72133 -0.442328 0.128589 -0.190384 -0.392856 1.77248 1.42739 0.892877 0.327637 0.960626 0.157674 1.06196 0.0878073 -0.453028 -0.0544576 -0.202222 -1.20557 1.45959 1.63583 1.12087 -0.366264 -0.846852 0.335344 -0.553567 0.0725876 0.379239 1.35393 -0.0799885 0.409464 -0.150173 0.220157 -0.0374984 0.064824 0.0424872 0.0786125 -0.220019 -0.0207449 -0.0426542 -0.150316 0.425273 -0.18774 -0.335312 -0.229967 -0.347258 0.490442 -0.417654 -0.70852 -0.481668 -0.493267 0.0980816 -0.821635 0.851008 0.178412 0.18698 -0.0712882 0.473007 1.1857
image label: 415
plain predicted label: 415
image time : 42791 ms
