image_id: 1
log_file: "/home/guoshuai/github/poseidon/Trident/resnet50/result/resnet50_plain_image1_20260709_202017.txt"
plain_relu_reference: relu
stem_pool_mode: maxpool
  plain input: shape(h=224,w=224,c=3)
  plain preview: 0.0439464 0.0456589 0.0473714 0.0465151 0.0465151 0.0456589 0.0473714 0.0465151 0.0465151 0.0465151 0.0473714 0.0473714 0.0473714 0.0473714 0.0465151 0.0465151 0.0465151 0.0482276 0.0473714 0.0465151 0.0473714 0.0465151 0.0465151 0.0482276 0.0482276 0.0482276 0.0473714 0.0482276 0.0473714 0.0482276 0.0499401 0.0490838

========== Stem ==========
stem pool mode: maxpool
  plain stem output: shape(h=56,w=56,c=64)
  plain preview: 0.239433 0.16843 0.15715 0.15762 0.156645 0.162241 0.176698 0.158893 0.154791 0.160423 0.161121 0.161121 0.164955 0.163139 0.163139 0.16728 0.165345 0.165345 0.165398 0.165398 0.162766 0.162766 0.15942 0.160316 0.160316 0.158982 0.156069 0.158921 0.158921 0.17001 0.16521 0.163181

========== layer1 block 0 ==========
  plain block output: shape(h=56,w=56,c=256)
  plain preview: 0 0 0 0 0 0 0 0 0 0 0 0 0 0 0 0 0 0 0 0 0 0 0 0 0 0 0 0 0 0 0 0

========== layer1 block 1 ==========
  plain block output: shape(h=56,w=56,c=256)
  plain preview: 0 0 0 0 0 0 0 0 0 0 0 0 0 0 0 0 0 0 0 0 0 0 0 0 0 0 0 0 0 0 0 0

========== layer1 block 2 ==========
  plain block output: shape(h=56,w=56,c=256)
  plain preview: 0 0 0 0 0 0 0 0 0 0 7.30708e-05 0 0 0 0 0 0 0 0.000387423 0 0 0.00505258 0 0 0 0 0 0 0 0 0.00736841 0.00269588

========== layer2 block 0 ==========
  plain block output: shape(h=28,w=28,c=512)
  plain preview: 0.0807497 0.136912 0.131599 0.124031 0.142659 0.121892 0.109225 0.110929 0.120309 0.110595 0.116648 0.112281 0.118324 0.111669 0.109684 0.121802 0.121524 0.136738 0.095066 0.0955815 0.128182 0.115379 0.115514 0.144109 0.124971 0.11862 0.122115 0.153698 0.160771 0.120508 0.150301 0.179281

========== layer2 block 1 ==========
  plain block output: shape(h=28,w=28,c=512)
  plain preview: 0 0.069664 0.0844627 0.0796699 0.088807 0.0780936 0.0702849 0.0738967 0.0590142 0.0591789 0.0856928 0.0703064 0.0869934 0.0636651 0.0650372 0.078594 0.0670489 0.0819895 0.0217051 0.0371097 0.0841866 0.0937046 0.112329 0.139629 0.100898 0.0831329 0.0707486 0.113624 0.125393 0.0788373 0.131881 0.185925

========== layer2 block 2 ==========
  plain block output: shape(h=28,w=28,c=512)
  plain preview: 0 0.04363 0.0761795 0.0564338 0.0561441 0.043775 0.051094 0.0483437 0.0323138 0.0290843 0.0642323 0.0521334 0.0653968 0.0435688 0.0408735 0.0597043 0.0516886 0.0648066 0.00515974 0.0171164 0.062936 0.0617381 0.08673 0.119436 0.083059 0.0601041 0.0501945 0.0983789 0.0992559 0.0463523 0.11822 0.140163

========== layer2 block 3 ==========
  plain block output: shape(h=28,w=28,c=512)
  plain preview: 0 0.0134155 0.0590483 0.0455015 0.0243732 0.0124937 0.0292611 0.0146676 0 0 0.0396888 0.0159907 0.0292462 0 0 0.00882999 0.0310374 0.0578762 0 0 0.0200299 0.0135569 0.0516815 0.0894242 0.0407372 0.0201256 0.0124315 0.0669441 0.0880574 0.0499412 0.117898 0.123591

========== layer3 block 0 ==========
  plain block output: shape(h=14,w=14,c=1024)
  plain preview: 0.10069 0.0995466 0.0326163 0.0806833 0.00327281 0.111239 0.086066 0.0661453 0.0520912 0.0373454 0.00748182 0.0444863 0.0407115 0.043679 0.0893759 0.0664212 0 0 0.0638323 0.00635234 0 0.011808 0.0590118 0.0393134 0.0471725 0.0268174 0.0313647 0.0441584 0 0 0 0

========== layer3 block 1 ==========
  plain block output: shape(h=14,w=14,c=1024)
  plain preview: 0.0935481 0.0931239 0.0172712 0.010477 0 0.0234583 0.030588 0.0603147 0.0496075 0.0258472 0 0 0.0243361 0 0.0163573 0 0 0 0.0219725 0 0 0 0 0.00113258 0.010183 0.0120919 0 0.00609344 0 0 0 0

========== layer3 block 2 ==========
  plain block output: shape(h=14,w=14,c=1024)
  plain preview: 0.0828468 0.0798754 0.00947042 0.00661926 0 0.0193187 0.0280447 0.0575151 0.0444034 0.0206596 0 0 0.0208415 0 0.0091597 0 0 0.000552329 0.0238231 0.0024637 0.00290873 0.00150955 0 0 0.00849751 0.0135229 0.00115139 0.00628388 0.00244165 0 0 0

========== layer3 block 3 ==========
  plain block output: shape(h=14,w=14,c=1024)
  plain preview: 0.0470049 0.0404865 0 0 0 0 0 0.0309864 0.02346 0.00398657 0 0 0 0 0 0 0 0 0 0 0 0 0 0 0 0 0 0 0 0 0 0

========== layer3 block 4 ==========
  plain block output: shape(h=14,w=14,c=1024)
  plain preview: 0.0381588 0.0380643 0 0.000408584 0 0 0 0.0324162 0.0243719 0.0031594 0 0 0 0 0 5.87667e-05 0.00161757 0.00233117 0.00112375 0.001712 8.93189e-05 0.0017908 0.00121036 1.68289e-05 0.00148724 0.00177326 0.000190381 0.00187016 0.000985105 0.000999597 0 0

========== layer3 block 5 ==========
  plain block output: shape(h=14,w=14,c=1024)
  plain preview: 0.0020864 0.00686488 0 0 0 0 0 0.0099332 0.0106879 0 0 0 0 0 0 0 0 0 0 0 0 0 0 0.00114907 0.0036217 0 0 0 0 0 0 0

========== layer4 block 0 ==========
  plain block output: shape(h=7,w=7,c=2048)
  plain preview: 0 0 0 0 0 0 0 0 0 0 0 0 0 0 0 0 0 0.0026011 0 0 0 0 0 0 0 0 0 0 0 0 0 0

========== layer4 block 1 ==========
  plain block output: shape(h=7,w=7,c=2048)
  plain preview: 0 0 0 0 0 0 0 0 0 0 0 0 0 0 0 0 0 0 0 0 0 0 0 0 0 0 0.0800488 0 0 0 0 0

========== layer4 block 2 ==========
  plain block output: shape(h=7,w=7,c=2048)
  plain preview: 0 0 0 0 0 0 0 0 0 0 0 0 0 0 0 0 0 0 0 0 0 0 0 0 0 0 0 0 0 0 0 0
  plain average pool output: shape(h=1,w=1,c=2048)
  plain preview: 0 0 0 0 0 0.0383043 0 0 0 0 0 0 0 0 0 0 0 0 0 0 0 0.393473 0 0 0 0 0.0204111 0 0 0 0 0
plain logits: -0.404753 0.112393 -0.461453 0.188481 0.336779 -0.218635 0.083412 -0.414887 -0.517942 -0.226245 0.132331 0.0269136 0.139644 -0.267981 -0.166627 0.0542388 -0.090038 -0.281883 0.0157376 0.322532 -0.0649992 -0.312867 -0.0806652 -0.0841868 0.0565969 0.168764 0.0423231 0.0115542 0.172278 -0.06834 0.181376 0.158821 -0.00847204 0.0635006 -0.315771 -0.666457 0.251085 0.0451561 -0.210131 -0.316088 0.418731 -0.262426 -0.0405126 -0.0754449 -0.312898 0.108324 -0.390457 -0.142011 -0.0349208 -0.79044 0.168224 0.203993 0.0289071 0.158293 -0.103884 0.0143789 0.164665 -0.0730799 -0.0501171 0.139435 -0.0624823 0.085238 0.0288899 -0.134809 0.0335067 0.0841496 0.00418601 0.340484 -0.282448 0.114268 0.0487591 0.00799508 0.469964 0.0575029 0.495025 0.165981 -0.212298 0.19304 0.353123 -0.139834 0.70121 0.667045 -0.11196 0.0645931 -0.320621 -0.326433 -0.0267045 -0.0804122 0.339139 -0.011579 0.0961539 -0.1838 0.0683806 -0.138803 0.344418 0.113338 0.0684258 -0.267234 -0.385333 -0.502382 -0.107025 -0.684439 -0.36289 -0.10745 -0.231995 -0.0465474 -0.304256 -0.0498736 -0.215117 -0.263206 0.0304085 0.380102 0.0841787 0.0129997 -0.291698 0.310606 -0.0466638 0.227447 -0.0330407 0.111415 -0.0783428 -0.101611 -0.107593 0.0152206 -0.234943 0.317375 0.0406631 -0.00653727 0.170607 -0.1218 0.303682 -0.0922655 -0.205843 -0.273467 0.427461 -0.17593 -0.0898642 -0.477793 -0.0161973 0.00355652 -0.0689224 0.214112 0.0115933 0.00287161 -0.239334 0.468717 -0.0885709 -0.319058 -0.419394 -0.183655 0.379812 0.111983 -0.335515 0.261393 0.0906589 0.177684 0.0455743 -0.12058 0.173887 -0.00849588 -0.334618 -0.382892 -0.00137981 0.377821 -0.269043 -0.408561 -0.292378 -0.221048 -0.171289 -0.366139 0.0422813 0.400813 -0.494882 -0.180011 0.402338 -0.24879 0.629389 -0.105779 -0.110182 -0.353883 -0.111761 0.0289858 0.244982 -0.000967146 -0.246985 -0.134897 -0.499755 -0.0706991 -0.353923 0.353467 -0.313038 -0.0737931 0.189964 -0.0406958 0.0933454 -0.169547 -0.126618 -0.1676 -0.375743 -0.0913128 -0.170305 -0.474014 -0.260558 0.538122 0.112798 0.0149384 0.180633 -0.38943 -0.0822296 0.415838 -0.0654569 0.23018 0.514356 0.34261 0.146056 -0.138534 -0.199452 0.289597 0.186085 -0.220997 -0.0969653 0.106114 -0.156005 0.322724 -0.164668 -0.312457 0.192817 -0.41294 0.0718138 -0.210248 0.0199993 0.168966 -0.372585 0.0778769 -0.173975 -0.286029 -0.475635 0.011569 -0.0902424 0.258255 0.607429 0.356638 -0.605903 -0.14794 -0.334604 0.0012315 -0.137747 0.920317 0.345642 0.538466 -0.25405 0.136881 -0.0926827 0.251089 0.304539 0.025057 -0.397583 0.126959 0.270174 0.051715 -0.175435 -0.180592 -0.311603 -0.425971 0.0219185 -0.256636 0.13781 0.0806011 -0.0431912 0.102167 -0.00768238 -0.109383 -0.00545511 -0.49926 -0.211545 -0.412588 -0.46788 0.0517636 -0.0305723 0.0260323 0.0530702 -0.100666 -0.394764 -0.0601994 0.0999097 0.012983 -0.378307 -0.127236 -0.388782 0.156573 0.170354 -0.572341 -0.228719 -0.223162 -0.177472 -0.408621 0.113272 -0.353689 -0.0899849 -0.516866 0.30917 0.233524 -0.101444 -0.0384885 -0.0491571 -0.23833 0.0182309 0.371965 0.220405 0.0462637 0.0365938 0.0143848 0.0127475 0.0744847 0.611482 0.245333 -0.0333738 0.35837 0.104178 0.311898 0.203991 0.285139 0.0959082 -0.107725 0.15718 0.0562021 0.0573665 -0.162344 0.0362586 0.0983556 -0.39989 -0.199571 -0.161154 -0.0542523 -0.337356 -0.242251 0.592475 -0.310292 -0.16503 -0.232481 -0.180858 0.201782 -0.605397 -0.136005 -0.31214 0.263138 -0.280599 0.461882 0.247885 0.128393 1.15351 -0.185943 -0.261513 -0.395174 -0.558538 0.205704 0.403153 -0.24938 0.548828 -0.383947 -0.0134239 -0.264874 -0.351615 -0.357561 -0.285043 -0.0398904 -0.147498 0.18459 -0.237153 -0.226664 -0.0738265 -0.0874594 -0.272708 0.214817 -0.158546 0.0204172 -0.0402073 -0.163942 0.000152155 0.219409 0.272686 -0.111591 -0.106875 -0.257701 -0.623728 -0.375834 -0.0502826 -0.221232 -0.0383224 -0.49678 -0.104043 0.124445 0.138897 0.259048 0.333657 0.142993 -0.0467092 -0.0782376 -0.00693703 0.123099 -0.500419 0.192778 0.582049 0.0249995 0.0718401 0.258526 -0.231613 -0.168746 -0.316516 0.0371917 -0.479301 0.00159478 -0.257771 0.166471 0.754822 -0.0880654 0.534564 -0.302577 -0.0995143 0.122004 0.0791647 0.241854 -0.367162 -0.492875 -0.172051 0.10781 -0.120302 -0.460722 -1.05359 -0.00901734 -0.287508 0.106309 0.124975 -0.475413 -0.198651 0.373148 0.127707 -0.595627 0.0995871 0.0852721 0.351155 -0.0218442 -0.700266 -0.0195627 -0.685125 0.0347245 0.470228 1.27277 -0.361801 -0.362769 1.53072 0.365007 -0.234046 -0.0911562 -0.390467 -0.0868934 0.424453 0.052428 -0.53033 0.0587763 -0.0284234 -0.114089 -0.334051 -0.348742 0.244618 -0.0949492 -0.136018 -0.25623 -0.211696 -0.592462 0.0830577 -0.0981193 0.210301 0.176116 0.157552 0.306915 -0.126755 0.485969 0.12202 -0.354886 0.253042 0.219342 0.0313654 0.343098 0.187618 0.0230591 -0.0293323 0.235742 0.17681 -0.330266 -0.320179 0.879151 -0.160076 0.3337 0.156119 0.0793364 0.0291092 -0.421862 -0.623085 0.119148 -0.578931 -0.319311 -0.175003 0.220686 0.432617 0.172444 0.00440288 0.329129 -0.0419378 0.0698641 -0.215219 -0.586175 0.346634 0.140305 -0.18209 0.147528 0.0212215 -0.00581043 -0.367607 -0.173311 0.223711 0.181741 0.147648 0.443036 -0.647786 0.0235997 -0.402879 -0.218513 0.0566491 -0.0601875 -0.0176209 0.435789 -0.127597 0.0302972 0.114817 -0.00614109 -0.368092 1.86229 -0.199532 -0.247254 -0.230533 -0.271765 0.00891102 0.394017 0.620519 -0.166642 0.147164 -0.470951 0.214604 -0.186695 0.254964 0.241393 0.386183 -0.0589457 -0.665813 -0.227838 0.151501 -0.439348 0.611895 0.113965 -0.244187 -0.265778 -0.995166 0.290665 -0.142276 0.190165 0.318746 -0.310071 -0.259015 -0.522929 0.405718 -0.696624 0.462259 -0.627618 0.411185 -0.44676 -0.213282 0.292353 0.225167 -0.0587961 -0.385081 -0.306312 -0.188657 -0.436708 0.13856 0.291644 -0.199968 0.0884913 -0.220808 0.51489 -0.068267 -0.302563 0.237221 0.12745 0.2148 -0.857583 -0.555608 0.292936 0.167275 -0.00479551 -0.193206 -0.3702 0.186279 -0.561986 0.148115 0.312534 -0.0875503 0.404641 0.120831 0.115464 -0.268955 -0.260979 -0.714299 0.17718 -0.229154 0.192621 0.293387 0.0135488 -0.472043 -0.130328 0.511372 -0.669531 1.23439 0.184874 -0.462716 -0.286062 0.583481 -0.299846 0.153922 0.170817 -0.203257 0.215832 -0.0863112 0.515878 -0.357863 0.186875 -0.221685 -0.388783 -0.0748532 -0.653801 -0.312766 0.664538 -0.0366659 0.236651 0.490196 0.0358022 -0.0953962 0.144514 0.157803 -0.460209 0.321185 -0.0946195 0.938346 -0.338519 -0.0951643 -0.0873675 -0.158659 -0.233465 0.167522 0.133068 -0.929363 -0.581497 0.150396 0.0158943 -0.391738 -0.645089 0.298821 -0.402993 -0.619661 -0.0458159 -0.673598 0.249762 2.29495 0.268483 -0.168231 -0.584839 -0.393999 -0.326018 -0.13213 -0.0182766 0.235602 0.647148 -0.417983 0.149153 0.208887 -0.00361463 0.058058 -0.166562 -0.0550934 -0.11892 -0.808944 0.015206 0.00645008 -0.0306834 -0.861766 -0.0458707 0.466131 0.0897598 -0.0613076 0.405926 0.321602 0.701448 -0.351418 -0.467994 -0.012507 -0.331932 -0.814927 -0.457483 -0.392782 0.253819 0.364115 0.718593 0.0271113 0.0854813 0.182506 -0.114218 -0.405234 -0.0408737 -0.999471 0.226062 -0.0468166 0.171798 -0.180198 0.289554 -0.259336 -0.109944 0.328136 -0.0910713 -0.55171 -0.0908667 -0.525339 0.131519 0.314535 -0.566773 -0.320664 0.165542 0.157539 -0.193481 -0.208388 -0.483335 0.391753 -0.354152 0.19881 -0.520622 0.184896 0.0432443 0.639144 0.44517 0.357391 0.33103 -0.397225 -0.340142 0.0499233 -0.210914 -0.0248888 -0.375398 -0.302387 0.193599 0.27664 0.587918 0.0720114 0.288927 -0.570136 0.934899 1.45556 -0.421691 0.0840148 0.276616 -0.200097 -0.00420048 0.0911443 0.136919 -0.188172 0.360945 0.181821 0.045296 0.377106 0.230338 0.144561 -0.0976042 -0.435894 -0.299338 0.167047 0.733662 0.0849144 0.308554 -0.289604 -0.357888 0.013871 -0.358941 -0.271068 -0.599155 0.763211 0.00124724 -0.159088 7.07057 2.02881 0.150863 0.115175 0.212331 0.0487713 -0.415865 1.69938 0.662158 0.0205199 -0.556046 0.0541453 -0.218553 0.144598 -0.108482 -0.0782661 -0.232421 0.214246 0.107471 -0.779159 -0.225901 0.172188 -0.190145 0.0082367 0.564386 -0.279276 -0.561535 0.309779 0.010204 0.13252 -0.378293 0.36527 0.0379112 0.0831763 -0.644513 -0.123816 -0.350887 0.258927 -0.508611 0.114483 -0.209576 0.409143 0.15233 0.578608 0.143923 -0.0691778 0.347412 -0.589621 -0.235579 -0.182181 -0.0935557 -0.162074 -0.148985 -0.174774 0.0960801 -0.0710783 0.504547 -0.250659 -0.387796 0.106589 0.24559 -0.406689 -0.0330256 -0.368733 0.187902 -0.515334 0.207387 0.486829 -0.00525939 -0.334181 -0.285491 -0.319625 0.155041 -0.136941 0.0520244 -0.144803 -0.414903 2.63232 -0.243109 0.0162017 -0.2359 0.230613 -0.181007 0.206121 0.0553641 -0.193456 -0.223947 -0.0342209 -0.0974419 -0.240404 0.079727 -0.10156 -0.600279 -0.0861497 0.875262 -0.0653867 -0.00918741 0.246611 0.147697 0.0691163 0.10537 -0.268568 -0.0954679 0.285156 0.099033 -0.0247873 0.280919 -0.0207329 0.0278602 -0.213231 0.0519201 -0.164301 0.22538 -0.100757 -0.199338 -0.287929 -0.163468 -0.351507 -0.384082 -0.553603 0.646333 0.0454875 -0.174709 -0.0734024 -0.557257 -0.0942022 0.350296 -0.00211216 0.138173 0.0796261 0.385681 0.14614 0.356198 0.188593 -0.495857 0.1165 0.170923 -0.0776672 0.217374 -0.0924587 -0.216721 -0.105271 0.00552253 0.0133897 0.303989 0.234134 0.279289 0.147194 -0.0501003 0.311481 0.274742 -0.155215 -0.180067 0.262615 0.274687 0.274345 0.18396 0.300957 -3.33288e-05 0.345574 0.0588369 0.0813871 -0.0220143 -0.427039 0.177986 0.233983 0.19183 -0.17687 0.117664 0.0413519 0.103169 0.318426 0.384803 0.334129 0.0743109 5.29362 -0.216071 1.43021 -0.435588 -0.128679 0.217635 1.09051 -0.336752 -0.117826 2.35392 -0.46974 -0.0883341 -0.0906128 -0.394808 -0.341719 0.216066 0.372833 0.0135552 -0.0116733 -0.101893 -0.0583495 0.0113902 -0.0652871 0.151323 0.00552206 -0.11932 0.0507529 -0.153864 -0.100126 -0.0557604
image label: 970
plain predicted label: 795
image time : 38948 ms
